0.00000000
0.00000000
0.00000000
0.00000000
0.00000000
0.00000000
0.00000000
0.00122900
0.18115700
0.36503100
0.41897000
0.66455100
0.68105700
0.67523100
0.59804200
0.47651100
0.25034600
0.04783100
0.00000000
0.00000000
0.00000000
0.00000000
0.00000000
0.00000000
0.00000000
0.00000000
0.00000000
0.00000000
0.00000000
0.00000000
0.00000000
0.05414700
0.31234400
0.52113100
0.65260800
0.73662000
0.75808700
0.73222400
0.66880000
0.54561000
0.35292600
0.08275200
0.00000000
0.00000000
0.00000000
0.00000000
0.00000000
0.00000000
0.00000000
0.00000000
0.00000000
0.00000000
0.00000000
0.00000000
0.00000000
0.00726200
0.12651500
0.41939500
0.63018900
0.74505000
0.75559500
0.76658500
0.70738200
0.58613700
0.40308100
0.12694800
0.00000000
0.00000000
0.00000000
0.00000000
0.00000000
0.00000000
0.00000000
0.00000000
0.00000000
0.00000000
0.00000000
0.00000000
0.00000000
0.07877000
0.36497600
0.54985700
0.67259600
0.74324300
0.76392400
0.74052000
0.66957100
0.55686000
0.38242200
0.11696400
0.00000000
0.00000000
0.00000000
0.00000000
0.00000000
0.00000000
0.00000000
0.00000000
0.00000000
0.00000000
0.00000000
0.00000000
0.00000000
0.08936400
0.36796700
0.55620000
0.67762900
0.75111900
0.78060300
0.76341000
0.69510400
0.57583100
0.39696600
0.13170500
0.00000000
0.00000000
0.00000000
0.00000000
0.00000000
0.00000000
0.00000000
0.00000000
0.00000000
0.00000000
0.00000000
0.00000000
0.00000000
0.00392200
0.03835500
0.08288000
0.08575600
0.15528200
0.17400200
0.14611600
0.16444800
0.21417400
0.17512100
0.04274500
0.00000000
0.00000000
0.00000000
0.00000000
0.00000000
0.00000000
0.00000000
0.00000000
0.00000000
0.00000000
0.00000000
0.00000000
0.00000000
0.03927300
0.07805300
0.12265000
0.15152900
0.17348600
0.21219600
0.16542200
0.20391000
0.11424900
0.06928900
0.02025700
0.00000000
0.00000000
0.00000000
0.00000000
0.00000000
0.00000000
0.00000000
0.00000000
0.00000000
0.00000000
0.00000000
0.00000000
0.00000000
0.03405300
0.07081800
0.10367100
0.10898200
0.13957900
0.18710600
0.13761900
0.12430600
0.09831000
0.04989300
0.00847600
0.00000000
0.00000000
0.00000000
0.00000000
0.00000000
0.00000000
0.00000000
0.00000000
0.00000000
0.00000000
0.00000000
0.00000000
0.00000000
0.00272000
0.04299900
0.10900900
0.14444500
0.20187400
0.19784300
0.18350300
0.15384200
0.12074500
0.05452500
0.00256700
0.00000000
0.00000000
0.00000000
0.00000000
0.00000000
0.00000000
0.00000000
0.00000000
0.00000000
0.00000000
0.00000000
0.00000000
0.00000000
0.00309100
0.05432000
0.10452600
0.22212600
0.24834600
0.31760500
0.30411600
0.30991100
0.14143400
0.23820200
0.07167400
0.00000000
0.00000000
0.00000000
0.00000000
0.00000000
0.00000000
0.00000000
0.00000000
0.00000000
0.00000000
0.00000000
0.00000000
0.00000000
0.03485100
0.29369000
0.49795200
0.64226800
0.72579700
0.69632600
0.72200100
0.61938900
0.35683300
0.26010900
0.05806800
0.00000000
0.00000000
0.00000000
0.00000000
0.00000000
0.00000000
0.00000000
0.00000000
0.00000000
0.00000000
0.00000000
0.00000000
0.00000000
0.03592600
0.11264800
0.13589600
0.27661600
0.56555500
0.47974800
0.63550600
0.63848900
0.35632000
0.14194200
0.01314800
0.00000000
0.00000000
0.00000000
0.00000000
0.00000000
0.00000000
0.00000000
0.00000000
0.00000000
0.00000000
0.00000000
0.00000000
0.00000000
0.00460400
0.02203300
0.09200800
0.12855200
0.19600400
0.16585500
0.22665400
0.19823600
0.13153600
0.08369600
0.00603600
0.00000000
0.00000000
0.00000000
0.00000000
0.00000000
0.00000000
0.00000000
0.00000000
0.00000000
0.00000000
0.00000000
0.00000000
0.00000000
0.00466400
0.15277800
0.43268100
0.57070300
0.67142600
0.69181800
0.65430100
0.59338900
0.52478800
0.38608100
0.14696800
0.00000000
0.00000000
0.00000000
0.00000000
0.00000000
0.00000000
0.00000000
0.00000000
0.00000000
0.00000000
0.00000000
0.00000000
0.00000000
0.07045800
0.31103700
0.50061500
0.65795300
0.77484200
0.80434100
0.78555400
0.71474700
0.59436000
0.41920200
0.16228300
0.00000000
0.00000000
0.00000000
0.00000000
0.00000000
0.00000000
0.00000000
0.00000000
0.00000000
0.00000000
0.00000000
0.00000000
0.00000000
0.07951400
0.33440800
0.42180400
0.64690700
0.70213600
0.74527400
0.76652400
0.69445600
0.58133400
0.40724700
0.16207000
0.00000000
0.00000000
0.00000000
0.00000000
0.00000000
0.00000000
0.00000000
0.00000000
0.00000000
0.00000000
0.00000000
0.00000000
0.00000000
0.07068400
0.34797600
0.55327800
0.65876900
0.73903800
0.76515500
0.78943100
0.71623800
0.53023400
0.11109300
0.00962200
0.00000000
0.00000000
0.00000000
0.00000000
0.00000000
0.00000000
0.00000000
0.00000000
0.00000000
0.00000000
0.00000000
0.00000000
0.00000000
0.00000000
0.03008700
0.10522200
0.11070300
0.08247300
0.16614400
0.20581900
0.15122600
0.12521700
0.07424200
0.01679000
0.00000000
0.00000000
0.00000000
0.00000000
0.00000000
0.00000000
0.00000000
0.00000000
0.00000000
0.00000000
0.00000000
0.00000000
0.00000000
0.05747800
0.32931700
0.54161400
0.63617100
0.72060100
0.71348700
0.74557100
0.68676600
0.57964000
0.36756600
0.13605500
0.00000000
0.00000000
0.00000000
0.00000000
0.00000000
0.00000000
0.00000000
0.00000000
0.00000000
0.00000000
0.00000000
0.00000000
0.00000000
0.07458700
0.27617300
0.39179900
0.40562500
0.33463700
0.15139700
0.17766300
0.15130000
0.12126800
0.06469800
0.01516300
0.00000000
0.00000000
0.00000000
0.00000000
0.00000000
0.00000000
0.00000000
0.00000000
0.00000000
0.00000000
0.00000000
0.00000000
0.00000000
0.00443000
0.04815800
0.12655900
0.17632500
0.21728000
0.27603100
0.34088900
0.44740900
0.21240500
0.19889300
0.09139900
0.00000000
0.00000000
0.00000000
0.00000000
0.00000000
0.00000000
0.00000000
0.00000000
0.00000000
0.00000000
0.00000000
0.00000000
0.00000000
0.00323800
0.06316500
0.11816400
0.12469000
0.07621100
0.16113600
0.49498500
0.13183600
0.17826500
0.07198800
0.06367200
0.00000000
0.00000000
0.00000000
0.00000000
0.00000000
0.00000000
0.00000000
0.00000000
0.00000000
0.00000000
0.00000000
0.00000000
0.00000000
0.02819100
0.03955100
0.11715000
0.12918900
0.16516500
0.16508600
0.29695400
0.17642100
0.21887200
0.04907800
0.02053000
0.00000000
0.00000000
0.00000000
0.00000000
0.00000000
0.00000000
0.00000000
0.00000000
0.00000000
0.00000000
0.00000000
0.00000000
0.00000000
0.00243500
0.04271300
0.12081400
0.13421200
0.20777900
0.17673600
0.13338200
0.25605500
0.18662400
0.09628700
0.00891900
0.00000000
0.00000000
0.00000000
0.00000000
0.00000000
0.00000000
0.00000000
0.00000000
0.00000000
0.00000000
0.00000000
0.00000000
0.00000000
0.00139200
0.02614500
0.07491900
0.13901500
0.15846500
0.19518700
0.21305600
0.15268300
0.12056900
0.07310000
0.01713300
0.00000000
0.00000000
0.00000000
0.00000000
0.00000000
0.00000000
0.00000000
0.00000000
0.00000000
0.00000000
0.00000000
0.00000000
0.00000000
0.03981000
0.20988300
0.32290200
0.50411800
0.71091600
0.75655800
0.73901900
0.72309500
0.60800500
0.43742400
0.19542000
0.00000000
0.00000000
0.00000000
0.00000000
0.00000000
0.00000000
0.00000000
0.00000000
0.00000000
0.00000000
0.00000000
0.00000000
0.00000000
0.01557500
0.10866500
0.20582200
0.31782100
0.57930900
0.69032300
0.55668800
0.46486500
0.42979900
0.17515900
0.07018900
0.00000000
0.00000000
0.00000000
0.00000000
0.00000000
0.00000000
0.00000000
0.00000000
0.00000000
0.00000000
0.00000000
0.00000000
0.00000000
0.07637500
0.31525500
0.49528500
0.61728000
0.69581700
0.72802500
0.71460400
0.65857300
0.55278700
0.36357600
0.11054000
0.00000000
0.00000000
0.00000000
0.00000000
0.00000000
0.00000000
0.00000000
0.00000000
0.00000000
0.00000000
0.00000000
0.00000000
0.00000000
0.08602100
0.33309300
0.51593300
0.64414400
0.71905400
0.75286600
0.73763800
0.67377000
0.56397200
0.40946500
0.19239000
0.00000000
0.00000000
0.00000000
0.00000000
0.00000000
0.00000000
0.00000000
0.00000000
0.00000000
0.00000000
0.00000000
0.00000000
0.00000000
0.00100700
0.04133300
0.26221300
0.45965500
0.66036200
0.49911800
0.60368900
0.52293800
0.44249300
0.23591000
0.09152200
0.00000000
0.00000000
0.00000000
0.00000000
0.00000000
0.00000000
0.00000000
0.00000000
0.00000000
0.00000000
0.00000000
0.00000000
0.00000000
0.00350900
0.05258600
0.07616600
0.15627000
0.19969300
0.15340900
0.16512100
0.18315700
0.30055800
0.20016300
0.07721800
0.00000000
0.00000000
0.00000000
0.00000000
0.00000000
0.00000000
0.00000000
0.00000000
0.00000000
0.00000000
0.00000000
0.00000000
0.00000000
0.00252600
0.05773000
0.16528800
0.46807400
0.26660600
0.37918700
0.30987000
0.20407600
0.18691100
0.10607700
0.02520500
0.00000000
0.00000000
0.00000000
0.00000000
0.00000000
0.00000000
0.00000000
0.00000000
0.00000000
0.00000000
0.00000000
0.00000000
0.00000000
0.00243100
0.02816000
0.11050400
0.18304800
0.21425200
0.25530300
0.23051200
0.18976300
0.20924700
0.16060900
0.12822600
0.00000000
0.00000000
0.00000000
0.00000000
0.00000000
0.00000000
0.00000000
0.00000000
0.00000000
0.00000000
0.00000000
0.00000000
0.00000000
0.01166700
0.09161200
0.50474200
0.61354500
0.70148200
0.70695300
0.69232200
0.64780200
0.54886700
0.39385400
0.18333500
0.00000000
0.00000000
0.00000000
0.00000000
0.00000000
0.00000000
0.00000000
0.00000000
0.00000000
0.00000000
0.00000000
0.00000000
0.00000000
0.06679900
0.04174200
0.10975700
0.60117700
0.68419000
0.19454400
0.15483900
0.18318500
0.09742700
0.06462100
0.07229700
0.00000000
0.00000000
0.00000000
0.00000000
0.00000000
0.00000000
0.00000000
0.00000000
0.00000000
0.00000000
0.00000000
0.00000000
0.00000000
0.00397800
0.05200500
0.05396800
0.12925400
0.18591400
0.28875400
0.41989900
0.61761100
0.54624200
0.35356600
0.14600100
0.00009900
0.00000000
0.00000000
0.00000000
0.00000000
0.00000000
0.00000000
0.00000000
0.00000000
0.00000000
0.00000000
0.00000000
0.00000000
0.09299300
0.32914100
0.50096400
0.63283300
0.70442600
0.69605200
0.62167100
0.62587900
0.53058200
0.31771100
0.05026900
0.00000000
0.00000000
0.00000000
0.00000000
0.00000000
0.00000000
0.00000000
0.00000000
0.00000000
0.00000000
0.00000000
0.00000000
0.00000000
0.00670600
0.06305500
0.10226400
0.12974800
0.09684300
0.24133500
0.09815400
0.08529200
0.07299400
0.04745200
0.01670000
0.00000000
0.00000000
0.00000000
0.00000000
0.00000000
0.00000000
0.00000000
0.00000000
0.00000000
0.00000000
0.00000000
0.00000000
0.00000000
0.00912500
0.06882200
0.12017900
0.10453000
0.11062600
0.21643900
0.11627200
0.11496800
0.08471800
0.05434100
0.01619400
0.00000000
0.00000000
0.00000000
0.00000000
0.00000000
0.00000000
0.00000000
0.00000000
0.00000000
0.00000000
0.00000000
0.00000000
0.00000000
0.00378800
0.03487900
0.14422300
0.19919400
0.21394200
0.24364100
0.22433600
0.19640500
0.16517100
0.10386600
0.03536800
0.00000000
0.00000000
0.00000000
0.00000000
0.00000000
0.00000000
0.00000000
0.00000000
0.00000000
0.00000000
0.00000000
0.00000000
0.00000000
0.06191800
0.21883500
0.33093600
0.57762000
0.50306400
0.67843400
0.68137700
0.52345300
0.42830500
0.24830400
0.03437100
0.00000000
0.00000000
0.00000000
0.00000000
0.00000000
0.00000000
0.00000000
0.00000000
0.00000000
0.00000000
0.00000000
0.00000000
0.00000000
0.00740800
0.11019900
0.30943500
0.37363000
0.35932900
0.34766700
0.50003900
0.13012100
0.14089100
0.12487300
0.03244600
0.00000000
0.00000000
0.00000000
0.00000000
0.00000000
0.00000000
0.00000000
0.00000000
0.00000000
0.00000000
0.00000000
0.00000000
0.00000000
0.01169700
0.07701500
0.12847300
0.39018800
0.16081100
0.14925600
0.18493600
0.15409300
0.21195900
0.18973300
0.08103500
0.00000000
0.00000000
0.00000000
0.00000000
0.00000000
0.00000000
0.00000000
0.00000000
0.00000000
0.00000000
0.00000000
0.00000000
0.00000000
0.01544600
0.02773000
0.08115400
0.14517300
0.15514600
0.20203400
0.35938900
0.53345100
0.21657800
0.08001700
0.03761100
0.00000000
0.00000000
0.00000000
0.00000000
0.00000000
0.00000000
0.00000000
0.00000000
0.00000000
0.00000000
0.00000000
0.00000000
0.00000000
0.00227200
0.02649100
0.05395000
0.20569600
0.16267600
0.17759800
0.23881900
0.18913200
0.06826400
0.04840600
0.02349000
0.00000000
0.00000000
0.00000000
0.00000000
0.00000000
0.00000000
0.00000000
0.00000000
0.00000000
0.00000000
0.00000000
0.00000000
0.00000000
0.00636300
0.05547700
0.21640200
0.54833600
0.61325600
0.63140100
0.58510900
0.56839400
0.45866300
0.29261800
0.12791700
0.00000000
0.00000000
0.00000000
0.00000000
0.00000000
0.00000000
0.00000000
0.00000000
0.00000000
0.00000000
0.00000000
0.00000000
0.00000000
0.00344800
0.04724300
0.11681400
0.13563900
0.19876700
0.20225500
0.23011200
0.24978300
0.28889200
0.08389900
0.12190000
0.00567500
0.00000000
0.00000000
0.00000000
0.00000000
0.00000000
0.00000000
0.00000000
0.00000000
0.00000000
0.00000000
0.00000000
0.00000000
0.06113700
0.23650800
0.29892000
0.29228600
0.44150900
0.66843300
0.64705100
0.37918100
0.29194200
0.13159700
0.03947500
0.00000000
0.00000000
0.00000000
0.00000000
0.00000000
0.00000000
0.00000000
0.00000000
0.00000000
0.00000000
0.00000000
0.00000000
0.00000000
0.03949100
0.17995600
0.40478800
0.61797200
0.71112200
0.73822900
0.69102700
0.62649300
0.54467200
0.33154400
0.16142400
0.00615800
0.00000000
0.00000000
0.00000000
0.00000000
0.00000000
0.00000000
0.00000000
0.00000000
0.00000000
0.00000000
0.00000000
0.00000000
0.00693900
0.03379700
0.43131000
0.56389700
0.62042000
0.59314700
0.64572600
0.58749300
0.48751700
0.31705300
0.15362200
0.00369100
0.00000000
0.00000000
0.00000000
0.00000000
0.00000000
0.00000000
0.00000000
0.00000000
0.00000000
0.00000000
0.00000000
0.00000000
0.09597000
0.25800900
0.41476900
0.54790500
0.63430800
0.64815500
0.63992700
0.59214100
0.50241300
0.36364800
0.18274100
0.01217100
0.00000000
0.00000000
0.00000000
0.00000000
0.00000000
0.00000000
0.00000000
0.00000000
0.00000000
0.00000000
0.00000000
0.00000000
0.09264500
0.24876600
0.45778500
0.57499300
0.66250000
0.67558600
0.66046300
0.61323000
0.50951300
0.36358000
0.18458900
0.01331000
0.00000000
0.00000000
0.00000000
0.00000000
0.00000000
0.00000000
0.00000000
0.00000000
0.00000000
0.00000000
0.00000000
0.00000000
0.02876100
0.19307000
0.42351000
0.54972800
0.63556200
0.64802100
0.63777200
0.59677100
0.49821300
0.35565100
0.17792900
0.00936200
0.00000000
0.00000000
0.00000000
0.00000000
0.00000000
0.00000000
0.00000000
0.00000000
0.00000000
0.00000000
0.00000000
0.00000000
0.05229300
0.19658100
0.44464400
0.45710800
0.48698000
0.62840300
0.60728500
0.60371800
0.47419700
0.29643200
0.15621900
0.01120400
0.00000000
0.00000000
0.00000000
0.00000000
0.00000000
0.00000000
0.00000000
0.00000000
0.00000000
0.00000000
0.00000000
0.00000000
0.07218300
0.25648300
0.41991200
0.51454900
0.52370600
0.54633400
0.61060000
0.57184800
0.51093200
0.34355600
0.16085700
0.01780200
0.00000000
0.00000000
0.00000000
0.00000000
0.00000000
0.00000000
0.00000000
0.00000000
0.00000000
0.00000000
0.00000000
0.00000000
0.09770000
0.29751300
0.46995900
0.58827600
0.67486100
0.71812600
0.69087600
0.62114100
0.52306500
0.37071400
0.18406900
0.02307500
0.00000000
0.00000000
0.00000000
0.00000000
0.00000000
0.00000000
0.00000000
0.00000000
0.00000000
0.00000000
0.00000000
0.00000000
0.07286100
0.28436100
0.41940000
0.55185200
0.60715900
0.60927700
0.46311100
0.36230300
0.31274300
0.18760400
0.07319400
0.01157900
0.00000000
0.00000000
0.00000000
0.00000000
0.00000000
0.00000000
0.00000000
0.00000000
0.00000000
0.00000000
0.00000000
0.00000000
0.06891300
0.25954800
0.42973000
0.55253400
0.63155800
0.65540700
0.63992700
0.58945700
0.48809500
0.34982500
0.16678700
0.01763100
0.00000000
0.00000000
0.00000000
0.00000000
0.00000000
0.00000000
0.00000000
0.00000000
0.00000000
0.00000000
0.00000000
0.00000000
0.08623700
0.27751800
0.41247100
0.55747500
0.62924000
0.62109400
0.59208100
0.43244500
0.46212000
0.19337800
0.08521300
0.00472100
0.00000000
0.00000000
0.00000000
0.00000000
0.00000000
0.00000000
0.00000000
0.00000000
0.00000000
0.00000000
0.00000000
0.00000000
0.00725400
0.03980700
0.06740300
0.17101300
0.23755400
0.21765200
0.22078300
0.20463500
0.15768400
0.10665500
0.04021700
0.00019000
0.00000000
0.00000000
0.00000000
0.00000000
0.00000000
0.00000000
0.00000000
0.00000000
0.00000000
0.00000000
0.00000000
0.00000000
0.02286900
0.10042500
0.15754400
0.20955300
0.22926500
0.23538500
0.24485300
0.21913800
0.18198900
0.12914800
0.03142100
0.00564200
0.00000000
0.00000000
0.00000000
0.00000000
0.00000000
0.00000000
0.00000000
0.00000000
0.00000000
0.00000000
0.00000000
0.00000000
0.00427900
0.02516300
0.10412000
0.13599900
0.15415600
0.11681500
0.11884300
0.19544100
0.15031400
0.10314800
0.07900900
0.00774800
0.00000000
0.00000000
0.00000000
0.00000000
0.00000000
0.00000000
0.00000000
0.00000000
0.00000000
0.00000000
0.00000000
0.00000000
0.00507200
0.06529600
0.16198400
0.18181200
0.19469000
0.27503300
0.21814900
0.21385900
0.17754400
0.06536500
0.04789900
0.00597900
0.00000000
0.00000000
0.00000000
0.00000000
0.00000000
0.00000000
0.00000000
0.00000000
0.00000000
0.00000000
0.00000000
0.00000000
0.04992500
0.23968400
0.50264100
0.58723300
0.38645100
0.47468200
0.66096900
0.60447400
0.52470900
0.23392300
0.14281900
0.02424700
0.00000000
0.00000000
0.00000000
0.00000000
0.00000000
0.00000000
0.00000000
0.00000000
0.00000000
0.00000000
0.00000000
0.00000000
0.04047300
0.23508000
0.44295100
0.57926900
0.68818200
0.69258000
0.68297500
0.62997100
0.50808400
0.34199900
0.14965300
0.01444600
0.00000000
0.00000000
0.00000000
0.00000000
0.00000000
0.00000000
0.00000000
0.00000000
0.00000000
0.00000000
0.00000000
0.00000000
0.08534900
0.28294200
0.46498500
0.58779900
0.66533000
0.67863400
0.67155600
0.59424500
0.49615700
0.33309400
0.15014400
0.01861100
0.00000000
0.00000000
0.00000000
0.00000000
0.00000000
0.00000000
0.00000000
0.00000000
0.00000000
0.00000000
0.00000000
0.00000000
0.08291700
0.27013700
0.44125300
0.54656700
0.62791700
0.63623600
0.62528400
0.56902700
0.47315200
0.31917500
0.14314800
0.01660900
0.00000000
0.00000000
0.00000000
0.00000000
0.00000000
0.00000000
0.00000000
0.00000000
0.00000000
0.00000000
0.00000000
0.00000000
0.09019300
0.26713900
0.42957500
0.55081900
0.62127100
0.64701800
0.62163700
0.56356600
0.47004500
0.32175600
0.14700700
0.02044100
0.00000000
0.00000000
0.00000000
0.00000000
0.00000000
0.00000000
0.00000000
0.00000000
0.00000000
0.00000000
0.00000000
0.00000000
0.08901300
0.26295100
0.41973100
0.53120000
0.60534900
0.63364400
0.62614800
0.56866100
0.46101000
0.31399000
0.14383400
0.01964000
0.00000000
0.00000000
0.00000000
0.00000000
0.00000000
0.00000000
0.00000000
0.00000000
0.00000000
0.00000000
0.00000000
0.00000000
0.08721300
0.25887000
0.41214000
0.53394100
0.60515300
0.62702900
0.61964300
0.56310500
0.44773200
0.30891700
0.13935900
0.01888600
0.00000000
0.00000000
0.00000000
0.00000000
0.00000000
0.00000000
0.00000000
0.00000000
0.00000000
0.00000000
0.00000000
0.00000000
0.06932100
0.23688500
0.39883200
0.52141300
0.58998600
0.62159400
0.59683700
0.52830900
0.42721500
0.28282700
0.11791900
0.01221400
0.00000000
0.00000000
0.00000000
0.00000000
0.00000000
0.00000000
0.00000000
0.00000000
0.00000000
0.00000000
0.00000000
0.00000000
0.03094500
0.07819900
0.11352300
0.52210000
0.58643100
0.61148700
0.59237100
0.52344100
0.42989000
0.28930000
0.12885000
0.01686900
0.00000000
0.00000000
0.00000000
0.00000000
0.00000000
0.00000000
0.00000000
0.00000000
0.00000000
0.00000000
0.00000000
0.00000000
0.02368200
0.07781100
0.30074500
0.46864800
0.55326000
0.54795000
0.47462700
0.48394900
0.36058500
0.25413100
0.10614300
0.00922900
0.00000000
0.00000000
0.00000000
0.00000000
0.00000000
0.00000000
0.00000000
0.00000000
0.00000000
0.00000000
0.00000000
0.00000000
0.02275400
0.07080500
0.14166300
0.16544600
0.18481200
0.19550900
0.25012800
0.29834700
0.25129300
0.10258500
0.04345800
0.01368100
0.00000000
0.00000000
0.00000000
0.00000000
0.00000000
0.00000000
0.00000000
0.00000000
0.00000000
0.00000000
0.00000000
0.00000000
0.02291200
0.07387700
0.12848700
0.15267600
0.25128200
0.33062300
0.32467700
0.26765200
0.15321500
0.10183700
0.05585900
0.00516600
0.00000000
0.00000000
0.00000000
0.00000000
0.00000000
0.00000000
0.00000000
0.00000000
0.00000000
0.00000000
0.00000000
0.00000000
0.03955500
0.10350600
0.19799500
0.19774900
0.20034700
0.43898700
0.24450600
0.45308500
0.37315200
0.24957800
0.10047400
0.01030100
0.00000000
0.00000000
0.00000000
0.00000000
0.00000000
0.00000000
0.00000000
0.00000000
0.00000000
0.00000000
0.00000000
0.00000000
0.05827500
0.08923300
0.19969500
0.26754100
0.15643200
0.18717200
0.17435400
0.21997100
0.16952000
0.09018600
0.05063400
0.00520500
0.00000000
0.00000000
0.00000000
0.00000000
0.00000000
0.00000000
0.00000000
0.00000000
0.00000000
0.00000000
0.00000000
0.00000000
0.01766000
0.09396700
0.08960900
0.21262200
0.20910800
0.22509900
0.28274700
0.36672500
0.19650300
0.07075300
0.02787100
0.00603400
0.00000000
0.00000000
0.00000000
0.00000000
0.00000000
0.00000000
0.00000000
0.00000000
0.00000000
0.00000000
0.00000000
0.00146800
0.02842400
0.07897900
0.14661400
0.31553000
0.25019100
0.51362200
0.52977800
0.49624800
0.37486400
0.25539500
0.09990000
0.00451300
0.00000000
0.00000000
0.00000000
0.00000000
0.00000000
0.00000000
0.00000000
0.00000000
0.00000000
0.00000000
0.00000000
0.00000000
0.00643700
0.09474000
0.06893200
0.17938500
0.10930700
0.13678900
0.22942500
0.23469000
0.19099600
0.11599700
0.05503400
0.00810000
0.00000000
0.00000000
0.00000000
0.00000000
0.00000000
0.00000000
0.00000000
0.00000000
0.00000000
0.00000000
0.00000000
0.00409600
0.04718100
0.17248700
0.24065600
0.45992500
0.60179000
0.61563800
0.60414700
0.52762900
0.41882200
0.27127700
0.10851400
0.01116200
0.00000000
0.00000000
0.00000000
0.00000000
0.00000000
0.00000000
0.00000000
0.00000000
0.00000000
0.00000000
0.00000000
0.00341200
0.07377500
0.23202800
0.38847600
0.50041500
0.57157800
0.59613800
0.57623600
0.50868700
0.40382700
0.25970800
0.10278100
0.01194400
0.00000000
0.00000000
0.00000000
0.00000000
0.00000000
0.00000000
0.00000000
0.00000000
0.00000000
0.00000000
0.00000000
0.00064300
0.07170400
0.11664900
0.17111600
0.16489200
0.46771200
0.41337300
0.52856100
0.42696700
0.23463800
0.20901000
0.08965200
0.00912300
0.00000000
0.00000000
0.00000000
0.00000000
0.00000000
0.00000000
0.00000000
0.00000000
0.00000000
0.00000000
0.00000000
0.00000000
0.01685500
0.08087200
0.13817700
0.16915700
0.18810700
0.19776500
0.22043700
0.19197100
0.17126600
0.11469300
0.05531300
0.00988400
0.00000000
0.00000000
0.00000000
0.00000000
0.00000000
0.00000000
0.00000000
0.00000000
0.00000000
0.00000000
0.00000000
0.00056300
0.02005700
0.05409800
0.09320000
0.19693400
0.12715800
0.22154900
0.52124100
0.46377700
0.35049000
0.23058900
0.08365300
0.00914400
0.00000000
0.00000000
0.00000000
0.00000000
0.00000000
0.00000000
0.00000000
0.00000000
0.00000000
0.00000000
0.00000000
0.00454500
0.01909600
0.06577200
0.13846600
0.11308000
0.18684400
0.12049400
0.19398200
0.17631500
0.17056600
0.12073500
0.04888800
0.00041800
0.00000000
0.00000000
0.00000000
0.00000000
0.00000000
0.00000000
0.00000000
0.00000000
0.00000000
0.00000000
0.00000000
0.00000000
0.01228200
0.07280800
0.08922600
0.15983600
0.23145000
0.49600300
0.48536500
0.40795000
0.34141800
0.21864500
0.08111700
0.00881000
0.00000000
0.00000000
0.00000000
0.00000000
0.00000000
0.00000000
0.00000000
0.00000000
0.00000000
0.00000000
0.00000000
0.00094400
0.06145300
0.20091500
0.33982100
0.45858700
0.52075800
0.54361500
0.53388400
0.47396200
0.36139700
0.21914900
0.08036600
0.01054200
0.00000000
0.00000000
0.00000000
0.00000000
0.00000000
0.00000000
0.00000000
0.00000000
0.00000000
0.00000000
0.00000000
0.00576700
0.06048200
0.19732800
0.34091800
0.45166800
0.51998500
0.54723400
0.52613400
0.46828900
0.36280600
0.22377900
0.07820800
0.00970100
0.00000000
0.00000000
0.00000000
0.00000000
0.00000000
0.00000000
0.00000000
0.00000000
0.00000000
0.00000000
0.00000000
0.00620700
0.06153700
0.20975300
0.35898800
0.47847100
0.54618300
0.57163300
0.53891600
0.48082800
0.37002300
0.22637400
0.07776100
0.00924400
0.00000000
0.00000000
0.00000000
0.00000000
0.00000000
0.00000000
0.00000000
0.00000000
0.00000000
0.00000000
0.00000000
0.00558200
0.06095400
0.19309400
0.34076100
0.45345200
0.51165800
0.53471300
0.49220900
0.38170300
0.30953800
0.12473600
0.05401300
0.00909700
0.00000000
0.00000000
0.00000000
0.00000000
0.00000000
0.00000000
0.00000000
0.00000000
0.00000000
0.00000000
0.00000000
0.00796000
0.05930400
0.19756200
0.34096500
0.45344000
0.51202700
0.53688200
0.51408400
0.45055200
0.35152600
0.21155300
0.07114900
0.01050200
0.00000000
0.00000000
0.00000000
0.00000000
0.00000000
0.00000000
0.00000000
0.00000000
0.00000000
0.00000000
0.00000000
0.00780300
0.06094800
0.19278400
0.33801800
0.44918400
0.51516800
0.53753300
0.51422200
0.45025200
0.34050600
0.20220000
0.07119500
0.01135700
0.00000000
0.00000000
0.00000000
0.00000000
0.00000000
0.00000000
0.00000000
0.00000000
0.00000000
0.00000000
0.00000000
0.00195400
0.03486600
0.13844400
0.21541100
0.37287200
0.43710800
0.48003100
0.51073300
0.41306100
0.24092300
0.09334600
0.06665600
0.00347700
0.00000000
0.00000000
0.00000000
0.00000000
0.00000000
0.00000000
0.00000000
0.00000000
0.00000000
0.00000000
0.00000000
0.01002500
0.05431100
0.19128800
0.33656300
0.44484000
0.51027500
0.54133100
0.51670400
0.44741900
0.34314600
0.20025400
0.06345600
0.00985500
0.00000000
0.00000000
0.00000000
0.00000000
0.00000000
0.00000000
0.00000000
0.00000000
0.00000000
0.00000000
0.00000000
0.00863400
0.05368300
0.18667500
0.32607100
0.43233900
0.49742200
0.51851200
0.50243900
0.43466900
0.32523800
0.19006300
0.05966400
0.00950900
0.00000000
0.00000000
0.00000000
0.00000000
0.00000000
0.00000000
0.00000000
0.00000000
0.00000000
0.00000000
0.00000000
0.00418000
0.04944900
0.15412700
0.14514900
0.16271400
0.10769200
0.13086700
0.18297500
0.25414100
0.10692000
0.09589400
0.06511200
0.01008500
0.00000000
0.00000000
0.00000000
0.00000000
0.00000000
0.00000000
0.00000000
0.00000000
0.00000000
0.00000000
0.00000000
0.00698900
0.03197700
0.09918900
0.18728100
0.20778500
0.23626300
0.26707800
0.22872800
0.21062600
0.17697100
0.12261000
0.06097700
0.01314400
0.00000000
0.00000000
0.00000000
0.00000000
0.00000000
0.00000000
0.00000000
0.00000000
0.00000000
0.00000000
0.00000000
0.00898800
0.05754800
0.10643000
0.20193200
0.40085100
0.46938900
0.48439300
0.47401400
0.31954800
0.20145500
0.09297100
0.04358700
0.00618500
0.00000000
0.00000000
0.00000000
0.00000000
0.00000000
0.00000000
0.00000000
0.00000000
0.00000000
0.00000000
0.00000000
0.00902300
0.04078700
0.09419600
0.10849300
0.11614700
0.14863100
0.13863500
0.13616800
0.11959500
0.11113200
0.06912100
0.03487300
0.01267800
0.00000000
0.00000000
0.00000000
0.00000000
0.00000000
0.00000000
0.00000000
0.00000000
0.00000000
0.00000000
0.00000000
0.00115100
0.02771000
0.06860500
0.06924600
0.09691400
0.12963500
0.14659600
0.23332800
0.34368600
0.21607900
0.12095100
0.07493800
0.01150300
0.00000000
0.00000000
0.00000000
0.00000000
0.00000000
0.00000000
0.00000000
0.00000000
0.00000000
0.00000000
0.00000000
0.00934800
0.05199400
0.09684300
0.28124100
0.27947000
0.41570900
0.35326200
0.46343100
0.35379300
0.27821600
0.16327300
0.04821400
0.01188700
0.00000000
0.00000000
0.00000000
0.00000000
0.00000000
0.00000000
0.00000000
0.00000000
0.00000000
0.00000000
0.00000000
0.00850300
0.06128900
0.15671600
0.28856000
0.38660900
0.28378800
0.23032500
0.41447100
0.34255400
0.08106300
0.06080500
0.02035600
0.00321200
0.00000000
0.00000000
0.00000000
0.00000000
0.00000000
0.00000000
0.00000000
0.00000000
0.00000000
0.00000000
0.00000000
0.01241000
0.04949000
0.16130200
0.28771300
0.39399300
0.44261100
0.46485500
0.44051400
0.38492900
0.27159600
0.15572100
0.04604600
0.01270500
0.00000000
0.00000000
0.00000000
0.00000000
0.00000000
0.00000000
0.00000000
0.00000000
0.00000000
0.00000000
0.00000000
0.01064600
0.04178100
0.15324000
0.28213700
0.38831400
0.43998900
0.46032400
0.44279100
0.37100700
0.26025900
0.15291500
0.04134000
0.01150300
0.00000000
0.00000000
0.00000000
0.00000000
0.00000000
0.00000000
0.00000000
0.00000000
0.00000000
0.00000000
0.00000000
0.01430500
0.05455500
0.16075500
0.28503900
0.38263300
0.44564300
0.46428500
0.44393100
0.38135600
0.28131200
0.15712200
0.05350400
0.01358300
0.00000000
0.00000000
0.00000000
0.00000000
0.00000000
0.00000000
0.00000000
0.00000000
0.00000000
0.00000000
0.00000000
0.00541200
0.01998400
0.04479000
0.13535600
0.28055600
0.40871800
0.44741700
0.42895100
0.37043900
0.26989400
0.14663100
0.04546300
0.01401900
0.00000000
0.00000000
0.00000000
0.00000000
0.00000000
0.00000000
0.00000000
0.00000000
0.00000000
0.00000000
0.00000000
0.00575200
0.03041500
0.11338000
0.25387100
0.36768200
0.42823300
0.43367700
0.40245500
0.35409900
0.25679100
0.11774000
0.05451000
0.01340300
0.00000000
0.00000000
0.00000000
0.00000000
0.00000000
0.00000000
0.00000000
0.00000000
0.00000000
0.00000000
0.00000000
0.01499200
0.03213400
0.07748700
0.13829800
0.16210800
0.17927600
0.11897300
0.12550800
0.17816700
0.16676200
0.09890600
0.04879900
0.01518900
0.00000000
0.00000000
0.00000000
0.00000000
0.00000000
0.00000000
0.00000000
0.00000000
0.00000000
0.00000000
0.00000000
0.01490600
0.05217100
0.10587700
0.15790900
0.29820800
0.35902800
0.36366300
0.36354500
0.34870200
0.26423500
0.14484700
0.05619400
0.01384400
0.00000000
0.00000000
0.00000000
0.00000000
0.00000000
0.00000000
0.00000000
0.00000000
0.00000000
0.00000000
0.00000000
0.00683400
0.04515400
0.08644700
0.17977100
0.09480400
0.21187900
0.19193900
0.13405900
0.12947600
0.15963400
0.11225800
0.06428200
0.01351300
0.00000000
0.00000000
0.00000000
0.00000000
0.00000000
0.00000000
0.00000000
0.00000000
0.00000000
0.00000000
0.00000000
0.01353800
0.05671100
0.11690200
0.16375800
0.19881300
0.21910000
0.32892900
0.26026800
0.35564100
0.20237700
0.11969500
0.04967300
0.00591000
0.00000000
0.00000000
0.00000000
0.00000000
0.00000000
0.00000000
0.00000000
0.00000000
0.00000000
0.00000000
0.00000000
0.01783100
0.04183300
0.12745900
0.23152100
0.32248300
0.39430800
0.41043300
0.41013000
0.34421500
0.24701000
0.12460000
0.04101300
0.01410600
0.00000000
0.00000000
0.00000000
0.00000000
0.00000000
0.00000000
0.00000000
0.00000000
0.00000000
0.00000000
0.00000000
0.01572200
0.05452300
0.14054600
0.26318600
0.35963900
0.42055000
0.42058800
0.38523000
0.34003800
0.22230900
0.13815900
0.06837300
0.01493700
0.00000000
0.00000000
0.00000000
0.00000000
0.00000000
0.00000000
0.00000000
0.00000000
0.00000000
0.00000000
0.00000000
0.01672500
0.05007600
0.13984300
0.24562100
0.32415300
0.40374400
0.35390900
0.35973800
0.31092200
0.18675900
0.13443100
0.02805400
0.00546300
0.00000000
0.00000000
0.00000000
0.00000000
0.00000000
0.00000000
0.00000000
0.00000000
0.00000000
0.00000000
0.00000000
0.01286100
0.04587000
0.09426300
0.16646200
0.18965400
0.21141000
0.23402600
0.19916500
0.32003000
0.21404000
0.12976900
0.05196600
0.01569700
0.00000000
0.00000000
0.00000000
0.00000000
0.00000000
0.00000000
0.00000000
0.00000000
0.00000000
0.00000000
0.00000000
0.02070400
0.05957400
0.12314800
0.18713500
0.30350700
0.27800400
0.22606100
0.36083300
0.17288300
0.07284400
0.07219100
0.03531900
0.01146100
0.00000000
0.00000000
0.00000000
0.00000000
0.00000000
0.00000000
0.00000000
0.00000000
0.00000000
0.00000000
0.00000000
0.00242000
0.06085000
0.08943500
0.14962300
0.16571700
0.12017700
0.13437300
0.23960300
0.21029600
0.21897500
0.11568400
0.05486600
0.01698600
0.00000000
0.00000000
0.00000000
0.00000000
0.00000000
0.00000000
0.00000000
0.00000000
0.00000000
0.00000000
0.00000000
0.00756100
0.03896100
0.05973400
0.08489200
0.16992100
0.19233400
0.24887700
0.32239900
0.31093200
0.23289800
0.10944800
0.06053600
0.01534600
0.00000000
0.00000000
0.00000000
0.00000000
0.00000000
0.00000000
0.00000000
0.00000000
0.00000000
0.00000000
0.00000000
0.01403600
0.05424800
0.12228500
0.16567900
0.30313300
0.35682000
0.33225000
0.30753300
0.13978000
0.13630100
0.05714900
0.06062400
0.02250100
0.00000000
0.00000000
0.00000000
0.00000000
0.00000000
0.00000000
0.00000000
0.00000000
0.00000000
0.00000000
0.00000000
0.02335600
0.07193400
0.15351900
0.11532700
0.12748500
0.23905100
0.40042400
0.36868400
0.19980000
0.13374200
0.09943400
0.06579800
0.01543500
0.00000000
0.00000000
0.00000000
0.00000000
0.00000000
0.00000000
0.00000000
0.00000000
0.00000000
0.00000000
0.00000000
0.02087400
0.05896300
0.12035200
0.22162000
0.31684400
0.29563600
0.30511300
0.33630700
0.31056600
0.21913500
0.11942100
0.04841900
0.01750300
0.00000000
0.00000000
0.00000000
0.00000000
0.00000000
0.00000000
0.00000000
0.00000000
0.00000000
0.00000000
0.00000000
0.02296800
0.05616500
0.10643200
0.22984300
0.29129700
0.36787000
0.38086400
0.32696800
0.10253100
0.15205900
0.11996900
0.02035200
0.00656100
0.00000000
0.00000000
0.00000000
0.00000000
0.00000000
0.00000000
0.00000000
0.00000000
0.00000000
0.00000000
0.00000000
0.01875600
0.04127200
0.11722800
0.16369500
0.24912100
0.36582800
0.33011400
0.25839600
0.21412100
0.20289500
0.10927700
0.05979300
0.01255300
0.00000000
0.00000000
0.00000000
0.00000000
0.00000000
0.00000000
0.00000000
0.00000000
0.00000000
0.00000000
0.00000000
0.01968100
0.05966300
0.11957000
0.21028000
0.28816100
0.34420200
0.38816700
0.36149700
0.27920600
0.19649500
0.10235500
0.04790300
0.01901100
0.00000000
0.00000000
0.00000000
0.00000000
0.00000000
0.00000000
0.00000000
0.00000000
0.00000000
0.00000000
0.00000000
0.02704800
0.05673100
0.11166900
0.22206500
0.22553400
0.36352900
0.39081000
0.33185100
0.29486100
0.19477000
0.09897500
0.05075700
0.02147700
0.00000000
0.00000000
0.00000000
0.00000000
0.00000000
0.00000000
0.00000000
0.00000000
0.00000000
0.00000000
0.00000000
0.01569400
0.05091600
0.10864200
0.21122200
0.29760100
0.19120600
0.29413100
0.27764600
0.26333900
0.19754800
0.09553900
0.05561800
0.01691800
0.00000000
0.00000000
0.00000000
0.00000000
0.00000000
0.00000000
0.00000000
0.00000000
0.00000000
0.00000000
0.00000000
0.00882700
0.04224500
0.04614100
0.07617200
0.23658200
0.17613400
0.34291900
0.30732700
0.22103900
0.20785500
0.11098200
0.05623700
0.02227700
0.00000000
0.00000000
0.00000000
0.00000000
0.00000000
0.00000000
0.00000000
0.00000000
0.00000000
0.00000000
0.00000000
0.02693900
0.06423200
0.11857900
0.22235500
0.31347500
0.36479600
0.37905400
0.35487500
0.29752000
0.20470400
0.10562200
0.05555500
0.02223000
0.00000000
0.00000000
0.00000000
0.00000000
0.00000000
0.00000000
0.00000000
0.00000000
0.00000000
0.00000000
0.00000000
0.02303600
0.05321500
0.10416500
0.13963700
0.19772900
0.21675700
0.22560300
0.21049500
0.19573900
0.17302500
0.11889000
0.05134600
0.02215400
0.00000000
0.00000000
0.00000000
0.00000000
0.00000000
0.00000000
0.00000000
0.00000000
0.00000000
0.00000000
0.00000000
0.01165900
0.05944600
0.10488400
0.12406100
0.17916100
0.20765800
0.20543400
0.19552500
0.18964900
0.14934000
0.10915200
0.05912200
0.00944100
0.00000000
0.00000000
0.00000000
0.00000000
0.00000000
0.00000000
0.00000000
0.00000000
0.00000000
0.00000000
0.00000000
0.02517000
0.03868400
0.07092800
0.15831900
0.12452100
0.25365500
0.29706700
0.28512800
0.26645000
0.20743200
0.10535200
0.06114800
0.02210200
0.00000000
0.00000000
0.00000000
0.00000000
0.00000000
0.00000000
0.00000000
0.00000000
0.00000000
0.00000000
0.00000000
0.00802900
0.03835400
0.07199500
0.08089900
0.21030500
0.25758700
0.08876800
0.09142800
0.12629500
0.07302100
0.05167400
0.03729900
0.00934100
0.00000000
0.00000000
0.00000000
0.00000000
0.00000000
0.00000000
0.00000000
0.00000000
0.00000000
0.00000000
0.00000000
0.01358500
0.06461000
0.09159100
0.10221600
0.15859600
0.18866400
0.14038900
0.12784500
0.12082600
0.10483800
0.07727300
0.07083400
0.02584700
0.00000000
0.00000000
0.00000000
0.00000000
0.00000000
0.00000000
0.00000000
0.00000000
0.00000000
0.00000000
0.00000000
0.01201600
0.04767900
0.05504100
0.10239600
0.11851300
0.29454500
0.29717500
0.18979700
0.13534400
0.16789200
0.10083300
0.07046300
0.02121000
0.00000000
0.00000000
0.00000000
0.00000000
0.00000000
0.00000000
0.00000000
0.00000000
0.00000000
0.00000000
0.00000000
0.00314600
0.03338300
0.12943400
0.17115200
0.21362300
0.26288900
0.34127000
0.33219800
0.25540200
0.17908000
0.09216200
0.05601000
0.02302600
0.00000000
0.00000000
0.00000000
0.00000000
0.00000000
0.00000000
0.00000000
0.00000000
0.00000000
0.00000000
0.00000000
0.02425100
0.07053500
0.10515100
0.19621000
0.27733000
0.31833700
0.33739200
0.31634600
0.26003900
0.17467400
0.08525300
0.05283700
0.02271500
0.00000000
0.00000000
0.00000000
0.00000000
0.00000000
0.00000000
0.00000000
0.00000000
0.00000000
0.00000000
0.00000000
0.02446800
0.05132600
0.09953500
0.20547100
0.26630200
0.30863400
0.29261600
0.30758100
0.23247400
0.16174300
0.06678800
0.05395000
0.00744500
0.00000000
0.00000000
0.00000000
0.00000000
0.00000000
0.00000000
0.00000000
0.00000000
0.00000000
0.00000000
0.00000000
0.02058600
0.05857900
0.09315700
0.21367100
0.27644900
0.33004900
0.34091500
0.25035700
0.20424500
0.20345400
0.10120300
0.05653200
0.02440700
0.00000000
0.00000000
0.00000000
0.00000000
0.00000000
0.00000000
0.00000000
0.00000000
0.00000000
0.00000000
0.00060100
0.02950700
0.07166400
0.11343900
0.19612200
0.26529200
0.31652400
0.29599100
0.32320000
0.26171700
0.17760700
0.09697800
0.07340600
0.02730800
0.00000000
0.00000000
0.00000000
0.00000000
0.00000000
0.00000000
0.00000000
0.00000000
0.00000000
0.00000000
0.00056600
0.03282900
0.04971800
0.07681300
0.17055300
0.24621600
0.30103500
0.27735700
0.30288400
0.23028000
0.16981900
0.08711600
0.06283100
0.01945000
0.00000000
0.00000000
0.00000000
0.00000000
0.00000000
0.00000000
0.00000000
0.00000000
0.00000000
0.00000000
0.00089600
0.03641300
0.07263500
0.09007700
0.18506600
0.25375100
0.26436700
0.33089100
0.31057100
0.25291000
0.18288200
0.08699800
0.06164900
0.02516600
0.00000000
0.00000000
0.00000000
0.00000000
0.00000000
0.00000000
0.00000000
0.00000000
0.00000000
0.00000000
0.00063200
0.03155600
0.07532800
0.09770600
0.18289600
0.24258900
0.30197000
0.29313900
0.28399300
0.22953600
0.17429200
0.08642400
0.05428700
0.02252400
0.00000000
0.00000000
0.00000000
0.00000000
0.00000000
0.00000000
0.00000000
0.00000000
0.00000000
0.00000000
0.00000000
0.03233400
0.04328900
0.07630300
0.15649500
0.23580500
0.29068200
0.26993900
0.26631800
0.25633900
0.15899600
0.08665800
0.04656200
0.02053700
0.00000000
0.00000000
0.00000000
0.00000000
0.00000000
0.00000000
0.00000000
0.00000000
0.00000000
0.00000000
0.00000000
0.02902700
0.07541100
0.09638600
0.09917600
0.19983100
0.25876700
0.17446600
0.14130800
0.22779200
0.13198400
0.09449000
0.05716500
0.02322800
0.00000000
0.00000000
0.00000000
0.00000000
0.00000000
0.00000000
0.00000000
0.00000000
0.00000000
0.00000000
0.00000000
0.02921900
0.05946100
0.10826000
0.17088700
0.23312000
0.30570400
0.23040800
0.28317700
0.23380800
0.15837600
0.09741200
0.06630900
0.02928300
0.00000000
0.00000000
0.00000000
0.00000000
0.00000000
0.00000000
0.00000000
0.00000000
0.00000000
0.00000000
0.00000000
0.01772600
0.06605300
0.09983100
0.16684300
0.19977200
0.27443600
0.32408800
0.28282600
0.21635900
0.15640600
0.08697900
0.05419600
0.02555600
0.00000000
0.00000000
0.00000000
0.00000000
0.00000000
0.00000000
0.00000000
0.00000000
0.00000000
0.00000000
0.00000000
0.02430700
0.04279000
0.10324400
0.16468100
0.17311500
0.20569200
0.26674800
0.28742400
0.21272500
0.16333500
0.11157200
0.06807600
0.02659600
0.00000000
0.00000000
0.00000000
0.00000000
0.00000000
0.00000000
0.00000000
0.00000000
0.00000000
0.00000000
0.00043100
0.03221800
0.05212800
0.11372300
0.16011700
0.22281000
0.22795800
0.26830700
0.23478000
0.23800700
0.17229600
0.09184800
0.05502600
0.02169900
0.00031700
0.00000000
0.00000000
0.00000000
0.00000000
0.00000000
0.00000000
0.00000000
0.00000000
0.00000000
0.00126900
0.03438000
0.07048700
0.09899700
0.16544300
0.22896000
0.28749500
0.28479900
0.27276600
0.22578200
0.16123300
0.07900400
0.05912200
0.02631800
0.00136800
0.00000000
0.00000000
0.00000000
0.00000000
0.00000000
0.00000000
0.00000000
0.00000000
0.00000000
0.00000000
0.02046900
0.07150600
0.08892800
0.13014500
0.24534800
0.27844500
0.33422500
0.27791900
0.22617600
0.17272500
0.08955400
0.06399300
0.02482200
0.00000000
0.00000000
0.00000000
0.00000000
0.00000000
0.00000000
0.00000000
0.00000000
0.00000000
0.00000000
0.00261400
0.03136700
0.06540800
0.09194700
0.16359100
0.23766500
0.29674500
0.31580000
0.31378200
0.23840100
0.15863300
0.09591600
0.06145200
0.02848500
0.00131600
0.00000000
0.00000000
0.00000000
0.00000000
0.00000000
0.00000000
0.00000000
0.00000000
0.00000000
0.00174100
0.03100200
0.07611500
0.11554100
0.19074500
0.26654800
0.28916400
0.28202200
0.28141000
0.24954800
0.16888700
0.10046300
0.06686200
0.02999800
0.00041800
0.00000000
0.00000000
0.00000000
0.00000000
0.00000000
0.00000000
0.00000000
0.00000000
0.00000000
0.00167700
0.02992900
0.07891700
0.12745000
0.19268400
0.25663400
0.29007900
0.26800800
0.22153500
0.25765200
0.17333000
0.11709500
0.06884200
0.02497000
0.00091700
0.00000000
0.00000000
0.00000000
0.00000000
0.00000000
0.00000000
0.00000000
0.00000000
0.00000000
0.00219600
0.02571200
0.05216500
0.11084500
0.17379600
0.23073500
0.27386600
0.29021300
0.27064700
0.21410500
0.12648000
0.10433600
0.06747900
0.03198900
0.00262400
0.00000000
0.00000000
0.00000000
0.00000000
0.00000000
0.00000000
0.00000000
0.00000000
0.00000000
0.00000000
0.02837100
0.05308600
0.09754200
0.14659600
0.23466100
0.18820500
0.12369200
0.24513200
0.21486000
0.15134600
0.10619600
0.07019100
0.02882800
0.00310900
0.00000000
0.00000000
0.00000000
0.00000000
0.00000000
0.00000000
0.00000000
0.00000000
0.00000000
0.00132700
0.02640500
0.05452300
0.07689800
0.14116900
0.21741700
0.26770600
0.28025400
0.26807600
0.20973100
0.14065200
0.06981900
0.04799300
0.02445400
0.00144700
0.00000000
0.00000000
0.00000000
0.00000000
0.00000000
0.00000000
0.00000000
0.00000000
0.00000000
0.00000000
0.02430400
0.07091000
0.08540800
0.15679900
0.22930200
0.27491700
0.28671500
0.26624100
0.21829400
0.14208800
0.07811600
0.05193500
0.02702000
0.00186000
0.00000000
0.00000000
0.00000000
0.00000000
0.00000000
0.00000000
0.00000000
0.00000000
0.00000000
0.00124100
0.02341800
0.06003200
0.08350900
0.14704200
0.22013400
0.26925100
0.28220600
0.26420900
0.21528800
0.13751900
0.07481700
0.05020600
0.02660600
0.00149300
0.00000000
0.00000000
0.00000000
0.00000000
0.00000000
0.00000000
0.00000000
0.00000000
0.00000000
0.00000000
0.02513800
0.07324200
0.11569100
0.17868300
0.19392000
0.20740700
0.21954900
0.27908200
0.24207500
0.15523400
0.09275900
0.05861500
0.02813600
0.00234900
0.00000000
0.00000000
0.00000000
0.00000000
0.00000000
0.00000000
0.00000000
0.00000000
0.00000000
0.00120200
0.02792100
0.07557700
0.08900800
0.12956500
0.20347800
0.28085400
0.27275500
0.26588000
0.22393500
0.15524200
0.07628800
0.06269800
0.02318800
0.00206700
0.00000000
0.00000000
0.00000000
0.00000000
0.00000000
0.00000000
0.00000000
0.00000000
0.00000000
0.00000000
0.02855500
0.05638100
0.09938900
0.15069000
0.20230100
0.25310300
0.29584100
0.28293400
0.23445800
0.16435600
0.11524500
0.07379300
0.02789400
0.00000000
0.00000000
0.00000000
0.00000000
0.00000000
0.00000000
0.00000000
0.00000000
0.00000000
0.00000000
0.00000000
0.02321900
0.06395200
0.12390400
0.15133400
0.17516400
0.24508100
0.24577500
0.20714600
0.21684100
0.16985400
0.10135200
0.07367800
0.02783800
0.00085700
0.00000000
0.00000000
0.00000000
0.00000000
0.00000000
0.00000000
0.00000000
0.00000000
0.00000000
0.00206000
0.03953400
0.05861700
0.10439800
0.14737800
0.22744100
0.25254100
0.27923600
0.21209200
0.20089300
0.12894400
0.09316600
0.05608500
0.02796400
0.00148300
0.00000000
0.00000000
0.00000000
0.00000000
0.00000000
0.00000000
0.00000000
0.00000000
0.00000000
0.00000000
0.01928500
0.07336300
0.10248400
0.13797100
0.16247400
0.25802800
0.18464700
0.15046300
0.17130300
0.16466600
0.05588200
0.04878200
0.03244700
0.00000000
0.00000000
0.00000000
0.00000000
0.00000000
0.00000000
0.00000000
0.00000000
0.00000000
0.00000000
0.00000000
0.01162700
0.03648800
0.05450700
0.09192400
0.09480800
0.12694400
0.12062500
0.19518100
0.12581500
0.09581600
0.07588000
0.07602500
0.03001900
0.00000000
0.00000000
0.00000000
0.00000000
0.00000000
0.00000000
0.00000000
0.00000000
0.00000000
0.00000000
0.00000000
0.01419400
0.04521700
0.07298200
0.10348600
0.11341400
0.20104200
0.23022900
0.22610600
0.18478500
0.15439000
0.07685800
0.07368900
0.02546300
0.00171100
0.00000000
0.00000000
0.00000000
0.00000000
0.00000000
0.00000000
0.00000000
0.00000000
0.00000000
0.00000000
0.00857400
0.03044100
0.05030700
0.09014400
0.16823800
0.18583300
0.24806300
0.27200800
0.21599300
0.15139900
0.09163700
0.06247900
0.03067000
0.00304400
0.00000000
0.00000000
0.00000000
0.00000000
0.00000000
0.00000000
0.00000000
0.00000000
0.00000000
0.00070100
0.02973900
0.07174200
0.07423800
0.14370400
0.22254200
0.26750200
0.31068300
0.23509800
0.23017900
0.16375400
0.10065400
0.07163000
0.03093800
0.00144300
0.00000000
0.00000000
0.00000000
0.00000000
0.00000000
0.00000000
0.00000000
0.00000000
0.00000000
0.00000000
0.02844600
0.08004700
0.11713600
0.17310700
0.21902500
0.25317700
0.26976600
0.23504100
0.22101600
0.16589600
0.09960400
0.07172100
0.02900200
0.00110000
0.00000000
0.00000000
0.00000000
0.00000000
0.00000000
0.00000000
0.00000000
0.00000000
0.00000000
0.00000000
0.02837700
0.06931600
0.09405300
0.14318500
0.22094500
0.27368600
0.28673100
0.25872900
0.23006000
0.15870600
0.10752600
0.06414300
0.03167800
0.00351700
0.00000000
0.00000000
0.00000000
0.00000000
0.00000000
0.00000000
0.00000000
0.00000000
0.00000000
0.00000000
0.01934700
0.05225600
0.10945000
0.14964600
0.21532800
0.24706900
0.26403000
0.23952900
0.22774200
0.15871900
0.09372200
0.06100900
0.03015200
0.00353500
0.00000000
0.00000000
0.00000000
0.00000000
0.00000000
0.00000000
0.00000000
0.00000000
0.00000000
0.00000000
0.03100600
0.07839400
0.10677900
0.15533500
0.21236500
0.25887400
0.26566800
0.19864800
0.22284100
0.14637300
0.07950300
0.05856000
0.02643000
0.00364800
0.00000000
0.00000000
0.00000000
0.00000000
0.00000000
0.00000000
0.00000000
0.00000000
0.00000000
0.00177300
0.02431000
0.05924000
0.06958900
0.12818100
0.20164200
0.25157000
0.26695100
0.25331300
0.20663400
0.13143600
0.06525300
0.05027800
0.02515900
0.00421200
0.00000000
0.00000000
0.00000000
0.00000000
0.00000000
0.00000000
0.00000000
0.00000000
0.00000000
0.00205100
0.02856400
0.06277200
0.07713700
0.13296500
0.20674300
0.25769100
0.29257700
0.24263300
0.22431900
0.14185200
0.09064300
0.06378200
0.03358900
0.00263800
0.00000000
0.00000000
0.00000000
0.00000000
0.00000000
0.00000000
0.00000000
0.00000000
0.00000000
0.00093500
0.01344600
0.07762500
0.10721000
0.15716900
0.21915900
0.27306500
0.25333500
0.26630000
0.24402100
0.16656900
0.10693900
0.07224800
0.01606500
0.00032500
0.00000000
0.00000000
0.00000000
0.00000000
0.00000000
0.00000000
0.00000000
0.00000000
0.00000000
0.00000000
0.03171200
0.06652900
0.09117300
0.14651700
0.22458200
0.26379900
0.27240200
0.25589900
0.22065100
0.15483300
0.09269600
0.06787100
0.03347500
0.00164700
0.00000000
0.00000000
0.00000000
0.00000000
0.00000000
0.00000000
0.00000000
0.00000000
0.00000000
0.00000000
0.02970700
0.05969200
0.09325100
0.14370100
0.20739100
0.26811700
0.26623200
0.26387800
0.19888700
0.14170600
0.08064600
0.05722100
0.02921100
0.00386600
0.00000000
0.00000000
0.00000000
0.00000000
0.00000000
0.00000000
0.00000000
0.00000000
0.00000000
0.00000000
0.02823500
0.05878100
0.08165100
0.14117100
0.21568200
0.27006400
0.27226400
0.26019100
0.21658400
0.15540100
0.10450400
0.05980500
0.03535600
0.00059300
0.00000000
0.00000000
0.00000000
0.00000000
0.00000000
0.00000000
0.00000000
0.00000000
0.00000000
0.00000000
0.03040100
0.06238700
0.11236200
0.16385000
0.24346400
0.21923900
0.28243700
0.23187200
0.22890400
0.17761000
0.11116400
0.07518300
0.03140900
0.00324500
0.00000000
0.00000000
0.00000000
0.00000000
0.00000000
0.00000000
0.00000000
0.00000000
0.00000000
0.00000700
0.02497500
0.04866900
0.07288100
0.13223100
0.20075000
0.23506500
0.25916300
0.24225900
0.19866100
0.14923900
0.08679100
0.04903500
0.02741200
0.00365700
0.00000000
0.00000000
0.00000000
0.00000000
0.00000000
0.00000000
0.00000000
0.00000000
0.00000000
0.00104500
0.02645800
0.05261100
0.08522700
0.13599400
0.19983500
0.25009200
0.27126100
0.26405700
0.20884300
0.15935700
0.10112600
0.05481400
0.02909400
0.00261300
0.00000000
0.00000000
0.00000000
0.00000000
0.00000000
0.00000000
0.00000000
0.00000000
0.00000000
0.00054500
0.02551200
0.06037000
0.09576700
0.15639500
0.21294700
0.26310200
0.27353300
0.27916000
0.17772700
0.16385800
0.10667300
0.06165600
0.03096200
0.00214700
0.00000000
0.00000000
0.00000000
0.00000000
0.00000000
0.00000000
0.00000000
0.00000000
0.00000000
0.00000000
0.03034600
0.07378500
0.11020000
0.17347100
0.20501300
0.24787400
0.28256500
0.28254200
0.24285500
0.16482400
0.09549200
0.06067300
0.03008500
0.00386800
0.00000000
0.00000000
0.00000000
0.00000000
0.00000000
0.00000000
0.00000000
0.00000000
0.00000000
0.00000000
0.02696100
0.06597400
0.10357900
0.14950000
0.23423800
0.28059000
0.24963800
0.26184800
0.24439700
0.17555100
0.10117200
0.06812800
0.03024100
0.00352800
0.00000000
0.00000000
0.00000000
0.00000000
0.00000000
0.00000000
0.00000000
0.00000000
0.00000000
0.00000000
0.02453900
0.07497500
0.11331100
0.17857800
0.22980000
0.26877100
0.27758800
0.23441700
0.24310500
0.16560200
0.11528500
0.06943800
0.02871600
0.00284700
0.00000000
0.00000000
0.00000000
0.00000000
0.00000000
0.00000000
0.00000000
0.00000000
0.00000000
0.00000000
0.02285500
0.05080400
0.06305500
0.13922400
0.15225700
0.17662000
0.20411700
0.21512900
0.18814700
0.16841400
0.12023500
0.07624800
0.03091900
0.00428000
0.00000000
0.00000000
0.00000000
0.00000000
0.00000000
0.00000000
0.00000000
0.00000000
0.00000000
0.00000000
0.02058100
0.04263000
0.12462000
0.16389400
0.18765300
0.20166900
0.26814100
0.26514000
0.21276400
0.14157300
0.09073100
0.06469300
0.03271000
0.00263500
0.00000000
0.00000000
0.00000000
0.00000000
0.00000000
0.00000000
0.00000000
0.00000000
0.00000000
0.00000000
0.02205400
0.05949300
0.11078400
0.14385500
0.17180700
0.23371600
0.24610700
0.23422400
0.18108700
0.16330000
0.09206100
0.05737800
0.02943800
0.00258000
0.00000000
0.00000000
0.00000000
0.00000000
0.00000000
0.00000000
0.00000000
0.00000000
0.00000000
0.00000000
0.03028400
0.05837200
0.08043900
0.13094000
0.21249600
0.25790300
0.27817300
0.26724300
0.23033500
0.14890300
0.07664400
0.06229500
0.03314500
0.00296300
0.00000000
0.00000000
0.00000000
0.00000000
0.00000000
0.00000000
0.00000000
0.00000000
0.00000000
0.00000000
0.02669900
0.05711200
0.08735900
0.15402000
0.22471700
0.27076100
0.29599900
0.28148800
0.23400800
0.15964200
0.08442900
0.05665100
0.02927300
0.00428400
0.00000000
0.00000000
0.00000000
0.00000000
0.00000000
0.00000000
0.00000000
0.00000000
0.00000000
0.00000000
0.02483700
0.06664900
0.09188800
0.16096000
0.24234300
0.29596100
0.29873300
0.29395700
0.24781100
0.18206300
0.11447400
0.06693300
0.03109100
0.00157200
0.00000000
0.00000000
0.00000000
0.00000000
0.00000000
0.00000000
0.00000000
0.00000000
0.00000000
0.00000000
0.02623500
0.06546300
0.09251700
0.15936200
0.22352200
0.27232500
0.29431500
0.25351500
0.24556800
0.15419600
0.08430400
0.05629200
0.02711200
0.00384800
0.00000000
0.00000000
0.00000000
0.00000000
0.00000000
0.00000000
0.00000000
0.00000000
0.00000000
0.00000000
0.02547200
0.06313500
0.10029100
0.15343300
0.19699400
0.15742700
0.19062400
0.19358200
0.16617500
0.12823000
0.08742600
0.07490900
0.03061100
0.00371100
0.00000000
0.00000000
0.00000000
0.00000000
0.00000000
0.00000000
0.00000000
0.00000000
0.00000000
0.00000000
0.01815900
0.06270000
0.08584800
0.14845200
0.22420700
0.24231800
0.29063800
0.27951500
0.21783900
0.14929500
0.10443300
0.05901700
0.03024800
0.00350200
0.00000000
0.00000000
0.00000000
0.00000000
0.00000000
0.00000000
0.00000000
0.00000000
0.00000000
0.00000000
0.01654200
0.05606200
0.08567000
0.15392600
0.21190500
0.25942800
0.25297200
0.27731600
0.23545300
0.16238300
0.07987000
0.05323000
0.02709700
0.00353900
0.00000000
0.00000000
0.00000000
0.00000000
0.00000000
0.00000000
0.00000000
0.00000000
0.00000000
0.00000000
0.02412000
0.06495400
0.09116100
0.15966100
0.23802800
0.28554800
0.28749600
0.29772200
0.20540200
0.17806100
0.12079500
0.07037200
0.02991800
0.00020500
0.00000000
0.00000000
0.00000000
0.00000000
0.00000000
0.00000000
0.00000000
0.00000000
0.00000000
0.00000000
0.02641400
0.05233400
0.08434200
0.16117000
0.21052400
0.26753100
0.30085800
0.23163100
0.23920000
0.16721000
0.09603800
0.06387400
0.03035000
0.00252300
0.00000000
0.00000000
0.00000000
0.00000000
0.00000000
0.00000000
0.00000000
0.00000000
0.00000000
0.00000000
0.02034600
0.05715100
0.06119900
0.14893000
0.22759100
0.28474900
0.29659100
0.28312000
0.23123200
0.16135600
0.07619000
0.04929500
0.02382400
0.00341500
0.00000000
0.00000000
0.00000000
0.00000000
0.00000000
0.00000000
0.00000000
0.00000000
0.00000000
0.00000000
0.02453300
0.06188900
0.10503300
0.16848500
0.23795300
0.28924800
0.30880000
0.30619300
0.23819500
0.18588700
0.10831300
0.06917000
0.03249600
0.00266300
0.00000000
0.00000000
0.00000000
0.00000000
0.00000000
0.00000000
0.00000000
0.00000000
0.00000000
0.00000000
0.02169100
0.05605500
0.08314400
0.15115500
0.23815900
0.28252700
0.29498700
0.28127700
0.25056400
0.16778100
0.09227200
0.06327700
0.03027300
0.00153900
0.00000000
0.00000000
0.00000000
0.00000000
0.00000000
0.00000000
0.00000000
0.00000000
0.00000000
0.00000000
0.02269700
0.05933000
0.08570800
0.16257300
0.23630000
0.28761000
0.30934000
0.28169600
0.23655500
0.16846100
0.08887500
0.05890900
0.02628400
0.00192200
0.00000000
0.00000000
0.00000000
0.00000000
0.00000000
0.00000000
0.00000000
0.00000000
0.00000000
0.00000000
0.02257700
0.05597000
0.10774500
0.14869500
0.24161400
0.25925000
0.25507500
0.29302700
0.25698300
0.19141500
0.10777300
0.07003700
0.02791000
0.00025400
0.00000000
0.00000000
0.00000000
0.00000000
0.00000000
0.00000000
0.00000000
0.00000000
0.00000000
0.00000000
0.02138500
0.04799200
0.09306600
0.12663900
0.22453400
0.31097300
0.35828900
0.29322900
0.25475200
0.16476400
0.09890400
0.06752700
0.02557900
0.00250100
0.00000000
0.00000000
0.00000000
0.00000000
0.00000000
0.00000000
0.00000000
0.00000000
0.00000000
0.00000000
0.02048400
0.05347600
0.08590600
0.16241300
0.24684200
0.27306500
0.31312600
0.30792500
0.20421200
0.18529000
0.11821300
0.06213600
0.02856600
0.00198100
0.00000000
0.00000000
0.00000000
0.00000000
0.00000000
0.00000000
0.00000000
0.00000000
0.00000000
0.00000000
0.02364000
0.05493000
0.08343200
0.15897000
0.23045400
0.23605600
0.26322900
0.31153100
0.25851900
0.18363100
0.10534100
0.05359600
0.02957900
0.00196300
0.00000000
0.00000000
0.00000000
0.00000000
0.00000000
0.00000000
0.00000000
0.00000000
0.00000000
0.00000000
0.02189800
0.06049500
0.11839900
0.16830000
0.23707500
0.28297500
0.34645200
0.30293200
0.23487200
0.18302200
0.11825100
0.06428500
0.02813100
0.00051800
0.00000000
0.00000000
0.00000000
0.00000000
0.00000000
0.00000000
0.00000000
0.00000000
0.00000000
0.00000000
0.02069900
0.05299400
0.08870700
0.16537200
0.26031600
0.30991600
0.31264100
0.30988500
0.23236600
0.18482400
0.11843200
0.07503900
0.03290300
0.00099900
0.00000000
0.00000000
0.00000000
0.00000000
0.00000000
0.00000000
0.00000000
0.00000000
0.00000000
0.00000000
0.01831100
0.05778700
0.09563400
0.19524400
0.24883200
0.32278400
0.32584800
0.31943200
0.23444300
0.20733200
0.11454200
0.07150900
0.03064300
0.00021600
0.00000000
0.00000000
0.00000000
0.00000000
0.00000000
0.00000000
0.00000000
0.00000000
0.00000000
0.00000000
0.01765600
0.04124200
0.11126100
0.16883100
0.26734800
0.29370800
0.27522500
0.32166200
0.26892600
0.19821000
0.11620600
0.06158100
0.02537900
0.00000000
0.00000000
0.00000000
0.00000000
0.00000000
0.00000000
0.00000000
0.00000000
0.00000000
0.00000000
0.00000000
0.01960600
0.05912300
0.10364100
0.18247000
0.25977000
0.31318400
0.30271600
0.28886000
0.25754500
0.20827900
0.13282000
0.07019200
0.03053200
0.00065700
0.00000000
0.00000000
0.00000000
0.00000000
0.00000000
0.00000000
0.00000000
0.00000000
0.00000000
0.00000000
0.01686300
0.05721900
0.09811800
0.18792700
0.27106000
0.32673800
0.32844500
0.31414500
0.26062500
0.20022400
0.11591600
0.07620500
0.03197600
0.00000000
0.00000000
0.00000000
0.00000000
0.00000000
0.00000000
0.00000000
0.00000000
0.00000000
0.00000000
0.00000000
0.00916500
0.04227100
0.07165700
0.09489100
0.18540800
0.20511100
0.22327800
0.14553200
0.13147300
0.09602300
0.11195900
0.07622300
0.00785900
0.00000000
0.00000000
0.00000000
0.00000000
0.00000000
0.00000000
0.00000000
0.00000000
0.00000000
0.00000000
0.00000000
0.01507500
0.05079700
0.11073400
0.14399400
0.26023100
0.33357600
0.34782500
0.26805500
0.21873000
0.20726100
0.11381100
0.06821300
0.02760200
0.00000000
0.00000000
0.00000000
0.00000000
0.00000000
0.00000000
0.00000000
0.00000000
0.00000000
0.00000000
0.00000000
0.01454600
0.03782900
0.10530300
0.19908200
0.27445900
0.23469400
0.34870000
0.33610600
0.26425300
0.19416200
0.10403400
0.06626400
0.02517500
0.00000000
0.00000000
0.00000000
0.00000000
0.00000000
0.00000000
0.00000000
0.00000000
0.00000000
0.00000000
0.00000000
0.01617100
0.06086400
0.10542600
0.19321900
0.27358900
0.31326800
0.33661300
0.33142600
0.24526400
0.20741300
0.13093100
0.07698100
0.02579800
0.00000000
0.00000000
0.00000000
0.00000000
0.00000000
0.00000000
0.00000000
0.00000000
0.00000000
0.00000000
0.00000000
0.01601100
0.05066900
0.09272400
0.16306800
0.25398700
0.31685400
0.33927700
0.33739300
0.26750200
0.21743500
0.11709800
0.05011300
0.02123500
0.00000000
0.00000000
0.00000000
0.00000000
0.00000000
0.00000000
0.00000000
0.00000000
0.00000000
0.00000000
0.00000000
0.01827000
0.05694100
0.10045200
0.20948300
0.21637600
0.31472200
0.33186500
0.30207500
0.27995400
0.20986500
0.11666000
0.06147800
0.02381600
0.00000000
0.00000000
0.00000000
0.00000000
0.00000000
0.00000000
0.00000000
0.00000000
0.00000000
0.00000000
0.00000000
0.01745300
0.04518100
0.09332300
0.18646800
0.27155400
0.27599800
0.33127700
0.32503500
0.30099400
0.21696200
0.09971100
0.05319000
0.02605900
0.00000000
0.00000000
0.00000000
0.00000000
0.00000000
0.00000000
0.00000000
0.00000000
0.00000000
0.00000000
0.00000000
0.01587300
0.04502000
0.09057500
0.19923900
0.28688000
0.32701400
0.36170000
0.33378800
0.28957100
0.21255300
0.12245800
0.05000000
0.02181500
0.00000000
0.00000000
0.00000000
0.00000000
0.00000000
0.00000000
0.00000000
0.00000000
0.00000000
0.00000000
0.00000000
0.01589500
0.04295800
0.09519300
0.19760300
0.26981500
0.33471000
0.34362200
0.31161300
0.27876300
0.21190500
0.12069400
0.05922400
0.01703100
0.00000000
0.00000000
0.00000000
0.00000000
0.00000000
0.00000000
0.00000000
0.00000000
0.00000000
0.00000000
0.00000000
0.01693700
0.04775100
0.10259000
0.20529400
0.28511400
0.34106000
0.35449200
0.33564300
0.26066800
0.21658700
0.12208000
0.06039500
0.01779400
0.00000000
0.00000000
0.00000000
0.00000000
0.00000000
0.00000000
0.00000000
0.00000000
0.00000000
0.00000000
0.00000000
0.01333200
0.06000400
0.11245100
0.20839600
0.30329600
0.35581100
0.37259800
0.33672400
0.31175200
0.23281500
0.13176500
0.06575500
0.02452900
0.00000000
0.00000000
0.00000000
0.00000000
0.00000000
0.00000000
0.00000000
0.00000000
0.00000000
0.00000000
0.00000000
0.01703300
0.05836000
0.10846300
0.20003100
0.28770500
0.34130200
0.38160300
0.35977300
0.27839800
0.22727600
0.12957700
0.05664200
0.02146700
0.00000000
0.00000000
0.00000000
0.00000000
0.00000000
0.00000000
0.00000000
0.00000000
0.00000000
0.00000000
0.00000000
0.01028600
0.06007200
0.10352000
0.21733100
0.25453400
0.36110600
0.36921400
0.31562000
0.30269900
0.22924900
0.11353500
0.06394500
0.01972800
0.00000000
0.00000000
0.00000000
0.00000000
0.00000000
0.00000000
0.00000000
0.00000000
0.00000000
0.00000000
0.00000000
0.01101000
0.05599200
0.11166400
0.21252400
0.31647900
0.35895300
0.38156500
0.36631100
0.31755800
0.22385600
0.12214100
0.05292800
0.01885700
0.00000000
0.00000000
0.00000000
0.00000000
0.00000000
0.00000000
0.00000000
0.00000000
0.00000000
0.00000000
0.00000000
0.01635300
0.05253800
0.11022100
0.17494300
0.30792800
0.35433800
0.38460300
0.37756100
0.32454300
0.22013300
0.11455700
0.03852000
0.01639500
0.00000000
0.00000000
0.00000000
0.00000000
0.00000000
0.00000000
0.00000000
0.00000000
0.00000000
0.00000000
0.00000000
0.01446900
0.04564400
0.11847000
0.22075200
0.29094600
0.37236200
0.39437600
0.38185400
0.32469200
0.22408700
0.12324400
0.04026700
0.01593700
0.00000000
0.00000000
0.00000000
0.00000000
0.00000000
0.00000000
0.00000000
0.00000000
0.00000000
0.00000000
0.00000000
0.01353200
0.05759200
0.12473000
0.24656000
0.31508300
0.36998200
0.39542700
0.37445400
0.32281300
0.24511900
0.13351300
0.05110300
0.01935900
0.00000000
0.00000000
0.00000000
0.00000000
0.00000000
0.00000000
0.00000000
0.00000000
0.00000000
0.00000000
0.00000000
0.01148600
0.04056100
0.11264500
0.19777100
0.28446700
0.37469600
0.37620900
0.36770500
0.31237700
0.21972900
0.12823400
0.04101700
0.01505400
0.00000000
0.00000000
0.00000000
0.00000000
0.00000000
0.00000000
0.00000000
0.00000000
0.00000000
0.00000000
0.00000000
0.01074800
0.04946700
0.13434800
0.22493700
0.32963900
0.37959200
0.37893200
0.37473600
0.29906200
0.23362100
0.13929200
0.05589200
0.01578100
0.00000000
0.00000000
0.00000000
0.00000000
0.00000000
0.00000000
0.00000000
0.00000000
0.00000000
0.00000000
0.00000000
0.01323400
0.03939400
0.12467800
0.23437700
0.30517000
0.36695300
0.35380000
0.33111100
0.29959800
0.20984900
0.11180500
0.05414600
0.01962100
0.00000000
0.00000000
0.00000000
0.00000000
0.00000000
0.00000000
0.00000000
0.00000000
0.00000000
0.00000000
0.00000000
0.01234200
0.03955300
0.12392100
0.23990100
0.32746000
0.37021100
0.38171300
0.37983000
0.33271200
0.16649000
0.10396900
0.03702000
0.01652500
0.00000000
0.00000000
0.00000000
0.00000000
0.00000000
0.00000000
0.00000000
0.00000000
0.00000000
0.00000000
0.00000000
0.01214300
0.05070800
0.13167600
0.26295100
0.33344300
0.34683400
0.39429700
0.43047600
0.32781500
0.23605400
0.13728200
0.05166900
0.01547000
0.00000000
0.00000000
0.00000000
0.00000000
0.00000000
0.00000000
0.00000000
0.00000000
0.00000000
0.00000000
0.00000000
0.01387900
0.05106600
0.13278400
0.23973000
0.33387300
0.39233900
0.41750900
0.41571600
0.27202000
0.23247500
0.14219600
0.06043200
0.01531100
0.00000000
0.00000000
0.00000000
0.00000000
0.00000000
0.00000000
0.00000000
0.00000000
0.00000000
0.00000000
0.00000000
0.01163700
0.05413500
0.10546900
0.25845700
0.28961100
0.30875900
0.44286200
0.37388300
0.30567400
0.25814400
0.14727100
0.05566300
0.01505800
0.00000000
0.00000000
0.00000000
0.00000000
0.00000000
0.00000000
0.00000000
0.00000000
0.00000000
0.00000000
0.00000000
0.01110100
0.03907300
0.12826700
0.23587000
0.21173100
0.36713200
0.41325700
0.41488000
0.33369800
0.25167000
0.12818700
0.04665600
0.01236100
0.00000000
0.00000000
0.00000000
0.00000000
0.00000000
0.00000000
0.00000000
0.00000000
0.00000000
0.00000000
0.00000000
0.01387800
0.04907400
0.14080200
0.18541200
0.34344300
0.32035000
0.41967400
0.39951600
0.34079600
0.25951900
0.12785500
0.05625000
0.01563000
0.00000000
0.00000000
0.00000000
0.00000000
0.00000000
0.00000000
0.00000000
0.00000000
0.00000000
0.00000000
0.00000000
0.01356300
0.05251800
0.14389200
0.26440600
0.35977100
0.40415700
0.28403800
0.35458000
0.30283500
0.20986400
0.11518100
0.05398300
0.01487400
0.00000000
0.00000000
0.00000000
0.00000000
0.00000000
0.00000000
0.00000000
0.00000000
0.00000000
0.00000000
0.00000000
0.00696800
0.04057600
0.14124300
0.26948800
0.35032600
0.41432100
0.40499000
0.40868800
0.34679400
0.22885600
0.13255300
0.05443200
0.01046600
0.00000000
0.00000000
0.00000000
0.00000000
0.00000000
0.00000000
0.00000000
0.00000000
0.00000000
0.00000000
0.00000000
0.01292200
0.05237800
0.14776400
0.26012300
0.35855700
0.40310300
0.40756400
0.30003900
0.29591500
0.14638800
0.11565100
0.03145200
0.00647800
0.00000000
0.00000000
0.00000000
0.00000000
0.00000000
0.00000000
0.00000000
0.00000000
0.00000000
0.00000000
0.00000000
0.00550200
0.03546500
0.11181500
0.14463000
0.09938100
0.17879500
0.23649100
0.21320500
0.23049800
0.19229000
0.09427000
0.04813600
0.01027900
0.00000000
0.00000000
0.00000000
0.00000000
0.00000000
0.00000000
0.00000000
0.00000000
0.00000000
0.00000000
0.00000000
0.01061900
0.04475100
0.10705200
0.18974000
0.11204000
0.26983000
0.30111000
0.24332400
0.19314200
0.13878100
0.12229500
0.05981400
0.00653300
0.00000000
0.00000000
0.00000000
0.00000000
0.00000000
0.00000000
0.00000000
0.00000000
0.00000000
0.00000000
0.00000000
0.00872100
0.04692000
0.16335600
0.28464200
0.38172900
0.42818100
0.47954400
0.39825800
0.30626600
0.26111800
0.16144400
0.05488800
0.01077800
0.00000000
0.00000000
0.00000000
0.00000000
0.00000000
0.00000000
0.00000000
0.00000000
0.00000000
0.00000000
0.00000000
0.00819900
0.06323900
0.15074200
0.24395400
0.25807200
0.34886700
0.35863500
0.31125600
0.34745600
0.27048600
0.16026000
0.05500400
0.01135500
0.00000000
0.00000000
0.00000000
0.00000000
0.00000000
0.00000000
0.00000000
0.00000000
0.00000000
0.00000000
0.00000000
0.00957900
0.03811900
0.12633800
0.20510200
0.31062400
0.33620200
0.37872500
0.36668600
0.39041400
0.26634200
0.16749800
0.05868700
0.00923100
0.00000000
0.00000000
0.00000000
0.00000000
0.00000000
0.00000000
0.00000000
0.00000000
0.00000000
0.00000000
0.00000000
0.00339200
0.02382600
0.08160800
0.12425100
0.24912900
0.29978100
0.33162900
0.33473100
0.29404700
0.25456400
0.12712700
0.05964300
0.00712200
0.00000000
0.00000000
0.00000000
0.00000000
0.00000000
0.00000000
0.00000000
0.00000000
0.00000000
0.00000000
0.00000000
0.01047100
0.05761500
0.18336100
0.31157800
0.39815400
0.44444700
0.43864600
0.44202800
0.28660900
0.28108200
0.17494100
0.06470300
0.01208900
0.00000000
0.00000000
0.00000000
0.00000000
0.00000000
0.00000000
0.00000000
0.00000000
0.00000000
0.00000000
0.00000000
0.01118100
0.05622500
0.17644800
0.29762000
0.40295100
0.44350600
0.46391000
0.32861300
0.29829000
0.27361600
0.15874100
0.05511100
0.01117400
0.00000000
0.00000000
0.00000000
0.00000000
0.00000000
0.00000000
0.00000000
0.00000000
0.00000000
0.00000000
0.00000000
0.00848800
0.06197200
0.17860800
0.30136300
0.36173200
0.44991800
0.39793400
0.41493700
0.38925300
0.26599900
0.16524300
0.05879000
0.00732200
0.00000000
0.00000000
0.00000000
0.00000000
0.00000000
0.00000000
0.00000000
0.00000000
0.00000000
0.00000000
0.00000000
0.00988300
0.06196200
0.16624700
0.28185500
0.34095400
0.34915700
0.42290900
0.41063100
0.36229200
0.29949200
0.18329700
0.05563100
0.00871800
0.00000000
0.00000000
0.00000000
0.00000000
0.00000000
0.00000000
0.00000000
0.00000000
0.00000000
0.00000000
0.00000000
0.00927400
0.06361500
0.19548400
0.26376000
0.41821600
0.35199100
0.45166400
0.45400900
0.37103700
0.29943500
0.14491400
0.05459000
0.00688400
0.00000000
0.00000000
0.00000000
0.00000000
0.00000000
0.00000000
0.00000000
0.00000000
0.00000000
0.00000000
0.00000000
0.00909000
0.06711100
0.13192200
0.11480000
0.25627300
0.15840200
0.37434400
0.34352300
0.17630600
0.19545000
0.12692500
0.04108000
0.00905700
0.00000000
0.00000000
0.00000000
0.00000000
0.00000000
0.00000000
0.00000000
0.00000000
0.00000000
0.00000000
0.00000000
0.00000000
0.02380900
0.04551600
0.06876700
0.09568000
0.11333200
0.12534100
0.12253100
0.10783500
0.08826900
0.05842100
0.02671800
0.00243500
0.00000000
0.00000000
0.00000000
0.00000000
0.00000000
0.00000000
0.00000000
0.00000000
0.00000000
0.00000000
0.00000000
0.00294600
0.02631600
0.05816300
0.09078700
0.12227200
0.12602300
0.14271600
0.12606800
0.10792100
0.09579300
0.05537900
0.04665500
0.00431800
0.00000000
0.00000000
0.00000000
0.00000000
0.00000000
0.00000000
0.00000000
0.00000000
0.00000000
0.00000000
0.00000000
0.00934600
0.07419900
0.11191700
0.17507500
0.29759700
0.46943000
0.33160000
0.41650700
0.42138500
0.32192100
0.19109500
0.06196700
0.00660500
0.00000000
0.00000000
0.00000000
0.00000000
0.00000000
0.00000000
0.00000000
0.00000000
0.00000000
0.00000000
0.00000000
0.00971000
0.08052200
0.16963400
0.32282900
0.40768300
0.40167600
0.43261000
0.33991300
0.37994100
0.25187700
0.12698400
0.05537700
0.00190800
0.00000000
0.00000000
0.00000000
0.00000000
0.00000000
0.00000000
0.00000000
0.00000000
0.00000000
0.00000000
0.00000000
0.00779700
0.06696700
0.17053500
0.33483000
0.47776900
0.52488300
0.55209100
0.50014800
0.46332000
0.30507000
0.14569100
0.06059500
0.00439100
0.00000000
0.00000000
0.00000000
0.00000000
0.00000000
0.00000000
0.00000000
0.00000000
0.00000000
0.00000000
0.00000000
0.00540000
0.07278500
0.16274400
0.27732500
0.38548100
0.27678200
0.18015600
0.20573200
0.24917800
0.21450800
0.12227500
0.04289100
0.00577000
0.00000000
0.00000000
0.00000000
0.00000000
0.00000000
0.00000000
0.00000000
0.00000000
0.00000000
0.00000000
0.00000000
0.00943400
0.08850300
0.23802000
0.37595000
0.47271800
0.52411500
0.55714400
0.49819600
0.45791300
0.34970800
0.20555000
0.06784800
0.00610800
0.00000000
0.00000000
0.00000000
0.00000000
0.00000000
0.00000000
0.00000000
0.00000000
0.00000000
0.00000000
0.00000000
0.01034700
0.09347700
0.24131900
0.38376100
0.47951700
0.54026600
0.54020300
0.52517100
0.46143000
0.35333500
0.21320100
0.06903100
0.00504700
0.00000000
0.00000000
0.00000000
0.00000000
0.00000000
0.00000000
0.00000000
0.00000000
0.00000000
0.00000000
0.00000000
0.01048500
0.09533800
0.24932600
0.38819700
0.48439700
0.54815500
0.55515700
0.53594500
0.46205300
0.35399000
0.21658000
0.07025100
0.00454800
0.00000000
0.00000000
0.00000000
0.00000000
0.00000000
0.00000000
0.00000000
0.00000000
0.00000000
0.00000000
0.00000000
0.00674600
0.05619100
0.14877200
0.27766900
0.39033400
0.52279700
0.50349400
0.49070200
0.38857200
0.28601100
0.14893500
0.05006800
0.00283600
0.00000000
0.00000000
0.00000000
0.00000000
0.00000000
0.00000000
0.00000000
0.00000000
0.00000000
0.00000000
0.00000000
0.00559000
0.03964600
0.11809100
0.16684100
0.35338000
0.34067500
0.28464300
0.27740000
0.43904200
0.28884000
0.20700900
0.07000500
0.00420000
0.00000000
0.00000000
0.00000000
0.00000000
0.00000000
0.00000000
0.00000000
0.00000000
0.00000000
0.00000000
0.00000000
0.01254300
0.06928000
0.13062700
0.31768000
0.40952900
0.25290400
0.48250800
0.32601000
0.36579200
0.24014200
0.20099300
0.06982600
0.00394000
0.00000000
0.00000000
0.00000000
0.00000000
0.00000000
0.00000000
0.00000000
0.00000000
0.00000000
0.00000000
0.00000000
0.00191200
0.05461900
0.12241500
0.33499400
0.33512500
0.46146900
0.37215000
0.47070600
0.43136400
0.18793900
0.13112700
0.05022500
0.00302500
0.00000000
0.00000000
0.00000000
0.00000000
0.00000000
0.00000000
0.00000000
0.00000000
0.00000000
0.00000000
0.00000000
0.00927100
0.07994600
0.17678600
0.29191000
0.48925300
0.49748800
0.53823600
0.51331000
0.40599700
0.32532200
0.18913100
0.06270600
0.00244400
0.00000000
0.00000000
0.00000000
0.00000000
0.00000000
0.00000000
0.00000000
0.00000000
0.00000000
0.00000000
0.00000000
0.00311400
0.07798200
0.13678300
0.17774800
0.29910500
0.51712700
0.49055700
0.54483400
0.47827500
0.37047900
0.22563600
0.07578200
0.00157000
0.00000000
0.00000000
0.00000000
0.00000000
0.00000000
0.00000000
0.00000000
0.00000000
0.00000000
0.00000000
0.00000000
0.00809900
0.08270700
0.25397200
0.38946000
0.45155200
0.50691000
0.37988100
0.44516000
0.39664400
0.28373500
0.19578100
0.06460700
0.00043000
0.00000000
0.00000000
0.00000000
0.00000000
0.00000000
0.00000000
0.00000000
0.00000000
0.00000000
0.00000000
0.00000000
0.00467300
0.03131700
0.16630400
0.31494000
0.39769900
0.40587100
0.44701500
0.39097900
0.42024000
0.31101700
0.21280100
0.06859500
0.00009700
0.00000000
0.00000000
0.00000000
0.00000000
0.00000000
0.00000000
0.00000000
0.00000000
0.00000000
0.00000000
0.00000000
0.00787900
0.09205300
0.16227700
0.26139600
0.44113200
0.47628000
0.42292600
0.48545500
0.39725500
0.33557800
0.20475600
0.06601800
0.00004600
0.00000000
0.00000000
0.00000000
0.00000000
0.00000000
0.00000000
0.00000000
0.00000000
0.00000000
0.00000000
0.00000000
0.01163700
0.11099500
0.26076100
0.38268900
0.45643000
0.58419600
0.55282800
0.45291500
0.48770100
0.27779000
0.17828600
0.07308100
0.00000000
0.00000000
0.00000000
0.00000000
0.00000000
0.00000000
0.00000000
0.00000000
0.00000000
0.00000000
0.00000000
0.00000000
0.00971600
0.05407100
0.16816700
0.39505900
0.33644600
0.58988900
0.50913100
0.43694200
0.27033100
0.15044800
0.09989000
0.04621000
0.00000000
0.00000000
0.00000000
0.00000000
0.00000000
0.00000000
0.00000000
0.00000000
0.00000000
0.00000000
0.00000000
0.00000000
0.00304000
0.02156700
0.04889500
0.38789200
0.45875200
0.39003200
0.53613100
0.45179000
0.37980300
0.22491300
0.20000600
0.06219500
0.00000000
0.00000000
0.00000000
0.00000000
0.00000000
0.00000000
0.00000000
0.00000000
0.00000000
0.00000000
0.00000000
0.00000000
0.00000000
0.01392900
0.10566400
0.19804600
0.27978400
0.14894900
0.29621200
0.39582600
0.41730400
0.23328800
0.12220000
0.03032000
0.00000000
0.00000000
0.00000000
0.00000000
0.00000000
0.00000000
0.00000000
0.00000000
0.00000000
0.00000000
0.00000000
0.00000000
0.00693700
0.04211600
0.15996700
0.39188400
0.49221100
0.42560000
0.39064700
0.54844200
0.44401900
0.27180200
0.20360100
0.04904000
0.00000000
0.00000000
0.00000000
0.00000000
0.00000000
0.00000000
0.00000000
0.00000000
0.00000000
0.00000000
0.00000000
0.00000000
0.01482300
0.13922000
0.29235900
0.42469400
0.55415800
0.60651300
0.60897500
0.57710100
0.50382000
0.39815300
0.25041000
0.08748100
0.00000000
0.00000000
0.00000000
0.00000000
0.00000000
0.00000000
0.00000000
0.00000000
0.00000000
0.00000000
0.00000000
0.00000000
0.00824000
0.11805100
0.29377500
0.42848100
0.49897300
0.53583200
0.56484900
0.52792000
0.46403900
0.36476500
0.21919600
0.07542400
0.00000000
0.00000000
0.00000000
0.00000000
0.00000000
0.00000000
0.00000000
0.00000000
0.00000000
0.00000000
0.00000000
0.00000000
0.01128600
0.09740600
0.21539400
0.31332300
0.37468200
0.53616900
0.49726600
0.51120200
0.45350600
0.35503100
0.22799400
0.06234900
0.00000000
0.00000000
0.00000000
0.00000000
0.00000000
0.00000000
0.00000000
0.00000000
0.00000000
0.00000000
0.00000000
0.00000000
0.00429700
0.01977900
0.17217700
0.37813000
0.45698100
0.51026600
0.48825400
0.30177400
0.28565300
0.20062300
0.20880000
0.05690500
0.00000000
0.00000000
0.00000000
0.00000000
0.00000000
0.00000000
0.00000000
0.00000000
0.00000000
0.00000000
0.00000000
0.00000000
0.00580000
0.12024900
0.27853200
0.39476100
0.33133500
0.21958600
0.22586800
0.17038800
0.10509000
0.09576300
0.08209500
0.02624300
0.00000000
0.00000000
0.00000000
0.00000000
0.00000000
0.00000000
0.00000000
0.00000000
0.00000000
0.00000000
0.00000000
0.00000000
0.00204100
0.05049900
0.29632400
0.36389700
0.51418500
0.51327600
0.22061100
0.23077100
0.28211500
0.33178200
0.18125400
0.06038600
0.00000000
0.00000000
0.00000000
0.00000000
0.00000000
0.00000000
0.00000000
0.00000000
0.00000000
0.00000000
0.00000000
0.00000000
0.00375100
0.03421000
0.06377500
0.11906800
0.43104300
0.19095500
0.20192200
0.31202400
0.22633200
0.14436300
0.18753600
0.07698800
0.00000000
0.00000000
0.00000000
0.00000000
0.00000000
0.00000000
0.00000000
0.00000000
0.00000000
0.00000000
0.00000000
0.00000000
0.00163100
0.02833600
0.06936300
0.29355700
0.54013600
0.62611900
0.63910300
0.64985100
0.56636500
0.44311200
0.27707500
0.09443300
0.00000000
0.00000000
0.00000000
0.00000000
0.00000000
0.00000000
0.00000000
0.00000000
0.00000000
0.00000000
0.00000000
0.00000000
0.01957800
0.16828100
0.35392600
0.49927900
0.60437200
0.65244900
0.65418400
0.63258200
0.54695600
0.43199900
0.26546400
0.08282600
0.00000000
0.00000000
0.00000000
0.00000000
0.00000000
0.00000000
0.00000000
0.00000000
0.00000000
0.00000000
0.00000000
0.00000000
0.02423300
0.17892700
0.35760200
0.49183600
0.58352200
0.63226000
0.62689800
0.60278300
0.54628000
0.43006300
0.27062600
0.09218100
0.00000000
0.00000000
0.00000000
0.00000000
0.00000000
0.00000000
0.00000000
0.00000000
0.00000000
0.00000000
0.00000000
0.00000000
0.02065900
0.17575000
0.31042000
0.43786500
0.53289900
0.43948800
0.60653800
0.59807000
0.53465900
0.42231300
0.26388800
0.08618600
0.00000000
0.00000000
0.00000000
0.00000000
0.00000000
0.00000000
0.00000000
0.00000000
0.00000000
0.00000000
0.00000000
0.00000000
0.02412300
0.17507900
0.34616200
0.48391400
0.57704400
0.51048100
0.59458300
0.56546800
0.48401900
0.36233900
0.25718600
0.09260000
0.00000000
0.00000000
0.00000000
0.00000000
0.00000000
0.00000000
0.00000000
0.00000000
0.00000000
0.00000000
0.00000000
0.00000000
0.01026000
0.15623200
0.35460400
0.50091700
0.59886200
0.64173700
0.64652000
0.61962200
0.53405600
0.41758800
0.25915200
0.07588300
0.00000000
0.00000000
0.00000000
0.00000000
0.00000000
0.00000000
0.00000000
0.00000000
0.00000000
0.00000000
0.00000000
0.00000000
0.00563600
0.14148100
0.33081000
0.48375600
0.58844000
0.63942200
0.64665400
0.60915500
0.53027100
0.40178800
0.23189100
0.05178800
0.00000000
0.00000000
0.00000000
0.00000000
0.00000000
0.00000000
0.00000000
0.00000000
0.00000000
0.00000000
0.00000000
0.00000000
0.00660400
0.14899500
0.32598400
0.46301800
0.53676600
0.51307300
0.60521700
0.55637100
0.50971400
0.37971700
0.22465300
0.06024300
0.00000000
0.00000000
0.00000000
0.00000000
0.00000000
0.00000000
0.00000000
0.00000000
0.00000000
0.00000000
0.00000000
0.00000000
0.00354800
0.15772700
0.33382100
0.47350400
0.52200000
0.51431100
0.61627900
0.54149200
0.49296800
0.37920100
0.19452400
0.06709800
0.00000000
0.00000000
0.00000000
0.00000000
0.00000000
0.00000000
0.00000000
0.00000000
0.00000000
0.00000000
0.00000000
0.00000000
0.00728600
0.16743400
0.34426100
0.48402600
0.53305400
0.62781100
0.58889500
0.56724700
0.50411900
0.33411800
0.24319100
0.07765400
0.00000000
0.00000000
0.00000000
0.00000000
0.00000000
0.00000000
0.00000000
0.00000000
0.00000000
0.00000000
0.00000000
0.00000000
0.00000000
0.04845600
0.09609500
0.32259400
0.43402700
0.52820200
0.51334700
0.55117400
0.34297000
0.21846200
0.11618100
0.01904600
0.00000000
0.00000000
0.00000000
0.00000000
0.00000000
0.00000000
0.00000000
0.00000000
0.00000000
0.00000000
0.00000000
0.00000000
0.00000000
0.01712600
0.03217200
0.21595300
0.16403800
0.24387000
0.44510500
0.25036800
0.49778200
0.23778300
0.22624700
0.04705700
0.00000000
0.00000000
0.00000000
0.00000000
0.00000000
0.00000000
0.00000000
0.00000000
0.00000000
0.00000000
0.00000000
0.00000000
0.00000000
0.12555000
0.32865900
0.46753300
0.27858200
0.29118000
0.47048300
0.27768200
0.34802900
0.26944000
0.05084700
0.00901300
0.00000000
0.00000000
0.00000000
0.00000000
0.00000000
0.00000000
0.00000000
0.00000000
0.00000000
0.00000000
0.00000000
0.00000000
0.00000000
0.04330900
0.12695900
0.11857800
0.26304400
0.13668800
0.28968900
0.30247000
0.26618000
0.25020200
0.15456400
0.05580900
0.00000000
0.00000000
0.00000000
0.00000000
0.00000000
0.00000000
0.00000000
0.00000000
0.00000000
0.00000000
0.00000000
0.00000000
0.01325300
0.19563100
0.36740700
0.49596800
0.55487200
0.64232800
0.57863800
0.56748500
0.50460700
0.32877600
0.16962700
0.05504700
0.00000000
0.00000000
0.00000000
0.00000000
0.00000000
0.00000000
0.00000000
0.00000000
0.00000000
0.00000000
0.00000000
0.00000000
0.00264800
0.15988800
0.34724700
0.48666800
0.57667400
0.60859600
0.62639200
0.56162700
0.49453700
0.38695800
0.24888600
0.06292600
0.00000000
0.00000000
0.00000000
0.00000000
0.00000000
0.00000000
0.00000000
0.00000000
0.00000000
0.00000000
0.00000000
0.00000000
0.00000000
0.07287300
0.17598500
0.39946800
0.47349500
0.54784700
0.47177200
0.34935400
0.31277200
0.17947300
0.06087800
0.00313500
0.00000000
0.00000000
0.00000000
0.00000000
0.00000000
0.00000000
0.00000000
0.00000000
0.00000000
0.00000000
0.00000000
0.00000000
0.00458100
0.18757900
0.35747000
0.50206800
0.55305900
0.54801400
0.61787000
0.55398600
0.37775200
0.36213100
0.27107700
0.07019900
0.00000000
0.00000000
0.00000000
0.00000000
0.00000000
0.00000000
0.00000000
0.00000000
0.00000000
0.00000000
0.00000000
0.00000000
0.00000000
0.04661400
0.08711200
0.15265400
0.56464600
0.62965000
0.60321300
0.40783500
0.38366200
0.31629400
0.22601100
0.03588700
0.00000000
0.00000000
0.00000000
0.00000000
0.00000000
0.00000000
0.00000000
0.00000000
0.00000000
0.00000000
0.00000000
0.00000000
0.00000000
0.01585900
0.06571500
0.11300800
0.20334400
0.19720100
0.16295700
0.17749200
0.16426100
0.11360400
0.06917100
0.01953300
0.00000000
0.00000000
0.00000000
0.00000000
0.00000000
0.00000000
0.00000000
0.00000000
0.00000000
0.00000000
0.00000000
0.00000000
0.00000000
0.06656500
0.07730700
0.13817000
0.31954500
0.26103600
0.50816600
0.35070800
0.43863000
0.26608400
0.26051200
0.06601800
0.00000000
0.00000000
0.00000000
0.00000000
0.00000000
0.00000000
0.00000000
0.00000000
0.00000000
0.00000000
0.00000000
0.00000000
0.00000000
0.10914100
0.25745900
0.43708400
0.51123100
0.51865900
0.35798600
0.63012400
0.39828400
0.41032200
0.22142400
0.04658900
0.00000000
0.00000000
0.00000000
0.00000000
0.00000000
0.00000000
0.00000000
0.00000000
0.00000000
0.00000000
0.00000000
0.00000000
0.00544100
0.20541300
0.41929200
0.57347900
0.67623300
0.69292800
0.62553800
0.65660500
0.59954300
0.47695600
0.30365500
0.08293100
0.00000000
0.00000000
0.00000000
0.00000000
0.00000000
0.00000000
0.00000000
0.00000000
0.00000000
0.00000000
0.00000000
0.00000000
0.00167500
0.16499500
0.40344500
0.55116200
0.57420600
0.68221600
0.69340200
0.62002500
0.54913900
0.43913500
0.25426000
0.02743000
0.00000000
0.00000000
0.00000000
0.00000000
0.00000000
0.00000000
0.00000000
0.00000000
0.00000000
0.00000000
0.00000000
0.00000000
0.00609100
0.20306200
0.40581400
0.50600800
0.54978400
0.62277500
0.62938800
0.56415300
0.31464900
0.27084900
0.17466300
0.07085000
0.00000000
0.00000000
0.00000000
0.00000000
0.00000000
0.00000000
0.00000000
0.00000000
0.00000000
0.00000000
0.00000000
0.00000000
0.00000000
0.02473200
0.06414900
0.10104100
0.22782900
0.12745200
0.35243300
0.25371600
0.16053500
0.07996500
0.04505300
0.01600600
0.00000000
0.00000000
0.00000000
0.00000000
0.00000000
0.00000000
0.00000000
0.00000000
0.00000000
0.00000000
0.00000000
0.00000000
0.00000000
0.00693800
0.07262200
0.12497700
0.23025700
0.62783700
0.58187100
0.59491000
0.46664500
0.37554200
0.20161700
0.03464700
0.00000000
0.00000000
0.00000000
0.00000000
0.00000000
0.00000000
0.00000000
0.00000000
0.00000000
0.00000000
0.00000000
0.00000000
0.00000000
0.00750900
0.03233900
0.10457700
0.14051700
0.17999400
0.23992500
0.24638600
0.23612800
0.13767000
0.08988300
0.03460300
0.00000000
0.00000000
0.00000000
0.00000000
0.00000000
0.00000000
0.00000000
0.00000000
0.00000000
0.00000000
0.00000000
0.00000000
0.00000000
0.06303900
0.36270200
0.50694200
0.60890300
0.64788500
0.66884100
0.64970900
0.57130000
0.45877600
0.27525700
0.05733100
0.00000000
0.00000000
0.00000000
0.00000000
0.00000000
0.00000000
0.00000000
0.00000000
0.00000000
0.00000000
0.00000000
0.00000000
0.00000000
0.17904700
0.39490200
0.53365900
0.61744800
0.67281600
0.68553800
0.64895500
0.57822500
0.46094600
0.27771100
0.05924300
0.00000000
0.00000000
0.00000000
0.00000000
0.00000000
0.00000000
0.00000000
0.00000000
0.00000000
0.00000000
0.00000000
0.00000000
0.00000000
0.19465100
0.37932300
0.47214200
0.62624400
0.63109300
0.65031600
0.65584200
0.57876100
0.46320100
0.29096900
0.07332300
0.00000000
0.00000000
0.00000000
0.00000000
0.00000000
0.00000000
0.00000000
0.00000000
0.00000000
0.00000000
0.00000000
0.00000000
0.00000000
0.02715800
0.06597200
0.12701900
0.15062900
0.49450900
0.69281500
0.65189800
0.57870200
0.46569700
0.30056700
0.08076700
0.00000000
0.00000000
0.00000000
0.00000000
0.00000000
0.00000000
0.00000000
0.00000000
0.00000000
0.00000000
0.00000000
0.00000000
0.00000000
0.01460400
0.05876700
0.10117800
0.60834500
0.61256600
0.46874100
0.61240900
0.55878200
0.38196900
0.27195600
0.04105200
0.00000000
0.00000000
0.00000000
0.00000000
0.00000000
0.00000000
0.00000000
0.00000000
0.00000000
0.00000000
0.00000000
0.00000000
0.00000000
0.00805400
0.03926500
0.05380600
0.20179200
0.32399800
0.36014900
0.49387400
0.34974700
0.18003900
0.18884900
0.04796400
0.00000000
0.00000000
0.00000000
0.00000000
0.00000000
0.00000000
0.00000000
0.00000000
0.00000000
0.00000000
0.00000000
0.00000000
0.00000000
0.01193000
0.06278100
0.22083800
0.55162800
0.63243300
0.65488000
0.62209600
0.56213200
0.43209300
0.26291500
0.03657100
0.00000000
0.00000000
0.00000000
0.00000000
0.00000000
0.00000000
0.00000000
0.00000000
0.00000000
0.00000000
0.00000000
0.00000000
0.00000000
0.08428900
0.24553300
0.50555200
0.61482900
0.67145700
0.70110400
0.64145300
0.55040700
0.40667100
0.18810200
0.03482300
0.00000000
0.00000000
0.00000000
0.00000000
0.00000000
0.00000000
0.00000000
0.00000000
0.00000000
0.00000000
0.00000000
0.00000000
0.00000000
0.17605300
0.41725100
0.58746200
0.68486500
0.72684100
0.67641900
0.69854200
0.61681300
0.45045500
0.28576700
0.03131600
0.00000000
0.00000000
0.00000000
0.00000000
0.00000000
0.00000000
0.00000000
0.00000000
0.00000000
0.00000000
0.00000000
0.00000000
0.00000000
0.04441500
0.09394000
0.11191300
0.15983000
0.16375700
0.16914900
0.22100800
0.14778200
0.09735800
0.04859600
0.00071900
0.00000000
0.00000000
0.00000000
0.00000000
0.00000000
0.00000000
0.00000000
0.00000000
0.00000000
0.00000000
0.00000000
0.00000000
0.00000000
0.00729100
0.03365300
0.06293800
0.09360000
0.10311400
0.11158000
0.09946400
0.07726200
0.05174700
0.04343000
0.00345700
0.00000000
0.00000000
0.00000000
0.00000000
0.00000000
0.00000000
0.00000000
0.00000000
0.00000000
0.00000000
0.00000000
0.00000000
0.00000000
0.00963500
0.09686500
0.16541700
0.10179800
0.10775700
0.11106600
0.21527200
0.17695400
0.14135900
0.06514700
0.00987100
0.00000000
0.00000000
0.00000000
0.00000000
0.00000000
0.00000000
0.00000000
0.00000000
0.00000000
0.00000000
0.00000000
0.00000000
0.00000000
0.00725700
0.13135300
0.45615700
0.42990600
0.53404300
0.44743600
0.11897700
0.26950000
0.16029600
0.09030400
0.00992800
0.00000000
0.00000000
0.00000000
0.00000000
0.00000000
0.00000000
0.00000000
0.00000000
0.00000000
0.00000000
0.00000000
0.00000000
0.00000000
0.05920900
0.34950000
0.41572100
0.49966100
0.62013300
0.62197600
0.62190100
0.57968900
0.44550500
0.25105600
0.02037800
0.00000000
0.00000000
0.00000000
0.00000000
0.00000000
0.00000000
0.00000000
0.00000000
0.00000000
0.00000000
0.00000000
0.00000000
0.00000000
0.00647300
0.03017400
0.08221900
0.11120700
0.43936600
0.60778300
0.27552200
0.13860700
0.07253400
0.04874100
0.00994800
0.00000000
0.00000000
0.00000000
0.00000000
0.00000000
0.00000000
0.00000000
0.00000000
0.00000000
0.00000000
0.00000000
0.00000000
0.00000000
0.17037000
0.41836800
0.59116100
0.69590600
0.74323000
0.75572500
0.69959900
0.63289900
0.50565700
0.31533300
0.06210000
0.00000000
0.00000000
0.00000000
0.00000000
0.00000000
0.00000000
0.00000000
0.00000000
0.00000000
0.00000000
0.00000000
0.00000000
0.00000000
0.15888900
0.35782400
0.44175100
0.57786500
0.42022500
0.56363100
0.45590400
0.34232700
0.35691900
0.13777900
0.04037200
0.00000000
0.00000000
0.00000000
0.00000000
0.00000000
0.00000000
0.00000000
0.00000000
0.00000000
0.00000000
0.00000000
0.00000000
0.00000000
0.02591100
0.06863700
0.14429000
0.17426400
0.16157900
0.15633900
0.15801500
0.15482800
0.27072300
0.13545700
0.02522200
0.00000000
0.00000000
0.00000000
0.00000000
0.00000000
0.00000000
0.00000000
0.00000000
0.00000000
0.00000000
0.00000000
0.00000000
0.00000000
0.14530500
0.37957000
0.54320800
0.62880300
0.68034100
0.68332600
0.64220800
0.58400200
0.46832000
0.29557400
0.06055800
0.00000000
0.00000000
0.00000000
0.00000000
0.00000000
0.00000000
0.00000000
0.00000000
0.00000000
0.00000000
0.00000000
0.00000000
0.00000000
0.00943800
0.06149300
0.11094600
0.41504500
0.58088800
0.63452000
0.52901000
0.32190300
0.28651100
0.14432800
0.01601100
0.00000000
0.00000000
0.00000000
0.00000000
0.00000000
0.00000000
0.00000000
0.00000000
0.00000000
0.00000000
0.00000000
0.00000000
0.00000000
0.11482100
0.42163100
0.55847900
0.65756000
0.65069100
0.76049800
0.26656200
0.40204200
0.05738200
0.04167300
0.00165200
0.00000000
0.00000000
0.00000000
0.00000000
0.00000000
0.00000000
0.00000000
0.00000000
0.00000000
0.00000000
0.00000000
0.00000000
0.00000000
0.01507600
0.11144900
0.22522300
0.22855200
0.36304800
0.56192100
0.58720900
0.36795800
0.19251300
0.06075200
0.00185400
0.00000000
0.00000000
0.00000000
0.00000000
0.00000000
0.00000000
0.00000000
0.00000000
0.00000000
0.00000000
0.00000000
0.00000000
0.00000000
0.00129900
0.02069000
0.04589700
0.07827800
0.16176100
0.17455300
0.17685200
0.16912000
0.05469100
0.02115100
0.00253600
0.00000000
0.00000000
0.00000000
0.00000000
0.00000000
0.00000000
0.00000000
0.00000000
0.00000000
0.00000000
0.00000000
0.00000000
0.00000000
0.11056000
0.38139300
0.56825100
0.40389400
0.19521100
0.14919000
0.15049300
0.13118600
0.07786600
0.04715200
0.00168300
0.00000000
0.00000000
0.00000000
0.00000000
0.00000000
0.00000000
0.00000000
0.00000000
0.00000000
0.00000000
0.00000000
0.00000000
0.00000000
0.01145900
0.03260500
0.08700700
0.12574700
0.21681400
0.56234600
0.51879300
0.54156500
0.14731100
0.09468900
0.00509800
0.00000000
0.00000000
0.00000000
0.00000000
0.00000000
0.00000000
0.00000000
0.00000000
0.00000000
0.00000000
0.00000000
0.00000000
0.00000000
0.00464400
0.02146200
0.11669000
0.12243800
0.13316300
0.47671600
0.56120300
0.09782800
0.07101300
0.05204800
0.02068600
0.00000000
0.00000000
0.00000000
0.00000000
0.00000000
0.00000000
0.00000000
0.00000000
0.00000000
0.00000000
0.00000000
0.00000000
0.00000000
0.02295000
0.02732500
0.04313700
0.16158600
0.14845500
0.06562600
0.15672600
0.14618400
0.47998000
0.27238400
0.04476100
0.00000000
0.00000000
0.00000000
0.00000000
0.00000000
0.00000000
0.00000000
0.00000000
0.00000000
0.00000000
0.00000000
0.00000000
0.00000000
0.14127900
0.41063400
0.62164300
0.73775300
0.79684600
0.81365800
0.78807400
0.69601600
0.55933000
0.35957200
0.07590200
0.00000000
0.00000000
0.00000000
0.00000000
0.00000000
0.00000000
0.00000000
0.00000000
0.00000000
0.00000000
0.00000000
0.00000000
0.00000000
0.05572300
0.20551200
0.49339500
0.44269300
0.62265300
0.55509600
0.31466700
0.38797500
0.35610300
0.20211400
0.04641800
0.00000000
0.00000000
0.00000000
0.00000000
0.00000000
0.00000000
0.00000000
0.00000000
0.00000000
0.00000000
0.00000000
0.00000000
0.00000000
0.03024500
0.14702700
0.17812500
0.35869400
0.25757800
0.16659300
0.16413000
0.11138700
0.09588900
0.04441000
0.00142600
0.00000000
0.00000000
0.00000000
0.00000000
0.00000000
0.00000000
0.00000000
0.00000000
0.00000000
0.00000000
0.00000000
0.00000000
0.00000000
0.00624900
0.06268500
0.11589700
0.18615700
0.19679900
0.20272100
0.18402800
0.16404800
0.12722600
0.05298400
0.00304600
0.00000000
0.00000000
0.00000000
0.00000000
0.00000000
0.00000000
0.00000000
0.00000000
0.00000000
0.00000000
0.00000000
0.00000000
0.00000000
0.00358900
0.02920000
0.07059500
0.08560600
0.11377500
0.11455500
0.09868800
0.08002600
0.05694400
0.02557300
0.00000000
0.00000000
0.00000000
0.00000000
0.00000000
0.00000000
0.00000000
0.00000000
0.00000000
0.00000000
0.00000000
0.00000000
0.00000000
0.00000000
0.00971400
0.06250100
0.12359300
0.18210800
0.21060200
0.19282200
0.21433200
0.17745900
0.11574100
0.05644400
0.01189300
0.00000000
0.00000000
0.00000000
0.00000000
0.00000000
0.00000000
0.00000000
0.00000000
0.00000000
0.00000000
0.00000000
0.00000000
0.00000000
0.03673800
0.31655200
0.51427500
0.63336600
0.68642400
0.71407200
0.70029900
0.61471600
0.46739900
0.26366200
0.02313800
0.00000000
0.00000000
0.00000000
0.00000000
0.00000000
0.00000000
0.00000000
0.00000000
0.00000000
0.00000000
0.00000000
0.00000000
0.00000000
0.07718500
0.34717700
0.53180200
0.65220300
0.72304500
0.73352800
0.70811800
0.63034800
0.49189300
0.29349300
0.03747000
0.00000000
0.00000000
0.00000000
0.00000000
0.00000000
0.00000000
0.00000000
0.00000000
0.00000000
0.00000000
0.00000000
0.00000000
0.00000000
0.00623100
0.06591200
0.10906900
0.69003500
0.75378700
0.79264200
0.77873000
0.70034700
0.56715500
0.36877400
0.08564300
0.00000000
0.00000000
0.00000000
0.00000000
0.00000000
0.00000000
0.00000000
0.00000000
0.00000000
0.00000000
0.00000000
0.00000000
0.00000000
0.12051500
0.40016800
0.58290300
0.67318400
0.73776400
0.73799000
0.67848400
0.65506300
0.54617200
0.35293900
0.08045600
0.00000000
0.00000000
0.00000000
0.00000000
0.00000000
0.00000000
0.00000000
0.00000000
0.00000000
0.00000000
0.00000000
0.00000000
0.00000000
0.11262900
0.37156900
0.56992500
0.63645800
0.67044800
0.72590000
0.66655500
0.45507600
0.48359200
0.21283200
0.04058300
0.00000000
0.00000000
0.00000000
0.00000000
0.00000000
0.00000000
0.00000000
0.00000000
0.00000000
0.00000000
0.00000000
0.00000000
0.00000000
0.06168000
0.18085200
0.42455600
0.54650300
0.69165300
0.64603800
0.59566900
0.31831700
0.14469000
0.29537100
0.02287500
0.00000000
0.00000000
0.00000000
0.00000000
0.00000000
0.00000000
0.00000000
0.00000000
0.00000000
0.00000000
0.00000000
0.00000000
0.00000000
0.00436000
0.04500300
0.03300800
0.13571300
0.15355100
0.14612800
0.16708400
0.13152900
0.09508200
0.01790500
0.00046200
0.00000000
0.00000000
0.00000000
0.00000000
0.00000000
0.00000000
0.00000000
0.00000000
0.00000000
0.00000000
0.00000000
0.00000000
0.00000000
0.00670700
0.15522800
0.10389000
0.10144900
0.16477200
0.41211500
0.43255900
0.13222800
0.12112900
0.03399600
0.00366300
0.00000000
0.00000000
0.00000000
0.00000000
0.00000000
0.00000000
0.00000000
0.00000000
0.00000000
0.00000000
0.00000000
0.00000000
0.00000000
0.00162000
0.04939900
0.07839500
0.17371300
0.17826300
0.18874600
0.17384400
0.14104300
0.11287400
0.04297200
0.00710400
0.00000000
0.00000000
0.00000000
0.00000000
0.00000000
0.00000000
0.00000000
0.00000000
0.00000000
0.00000000
0.00000000
0.00000000
0.00000000
0.06766400
0.34274300
0.53186600
0.64361500
0.71066400
0.66696500
0.64044300
0.58749700
0.47581500
0.30649500
0.05600800
0.00000000
0.00000000
0.00000000
0.00000000
0.00000000
0.00000000
0.00000000
0.00000000
0.00000000
0.00000000
0.00000000
0.00000000
0.00000000
0.06122100
0.32225400
0.46789300
0.60005800
0.58686100
0.57077800
0.64205700
0.55289600
0.39620500
0.25196300
0.03054100
0.00000000
0.00000000
0.00000000
0.00000000
0.00000000
0.00000000
0.00000000
0.00000000
0.00000000
0.00000000
0.00000000
0.00000000
0.00000000
0.00282800
0.04256700
0.06102300
0.42490900
0.73123100
0.74239800
0.71122000
0.53840200
0.35210100
0.16769400
0.03506000
0.00000000
0.00000000
0.00000000
0.00000000
0.00000000
0.00000000
0.00000000
0.00000000
0.00000000
0.00000000
0.00000000
0.00000000
0.00000000
0.00000000
0.05025300
0.11901000
0.20094200
0.27735300
0.39944800
0.73224300
0.65227800
0.53288200
0.34966400
0.09454100
0.00000000
0.00000000
0.00000000
0.00000000
0.00000000
0.00000000
0.00000000
0.00000000
0.00000000
0.00000000
0.00000000
0.00000000
0.00000000
0.08183100
0.24126300
0.51976600
0.59036800
0.62308900
0.65156300
0.58908400
0.56285800
0.51244900
0.30133300
0.08112900
0.00000000
0.00000000
0.00000000
0.00000000
0.00000000
0.00000000
0.00000000
0.00000000
0.00000000
0.00000000
0.00000000
0.00000000
0.00000000
0.02205600
0.25434600
0.46232500
0.60557000
0.68384600
0.70620100
0.67738300
0.60487200
0.46125500
0.25972700
0.02786400
0.00000000
0.00000000
0.00000000
0.00000000
0.00000000
0.00000000
0.00000000
0.00000000
0.00000000
0.00000000
0.00000000
0.00000000
0.00000000
0.07668100
0.36217200
0.56077900
0.69567400
0.76565000
0.79227300
0.75275000
0.67269300
0.55349300
0.36455400
0.08898300
0.00000000
0.00000000
0.00000000
0.00000000
0.00000000
0.00000000
0.00000000
0.00000000
0.00000000
0.00000000
0.00000000
0.00000000
0.00000000
0.06826200
0.28558100
0.55547800
0.66023100
0.52777100
0.68634600
0.63707800
0.59963300
0.48116600
0.26979300
0.06988500
0.00000000
0.00000000
0.00000000
0.00000000
0.00000000
0.00000000
0.00000000
0.00000000
0.00000000
0.00000000
0.00000000
0.00000000
0.00000000
0.00122900
0.02977100
0.08859700
0.11256200
0.16609300
0.27865600
0.52074000
0.48779100
0.50738800
0.36031800
0.10637500
0.00000000
0.00000000
0.00000000
0.00000000
0.00000000
0.00000000
0.00000000
0.00000000
0.00000000
0.00000000
0.00000000
0.00000000
0.00000000
0.00000000
0.01927400
0.08122200
0.12060200
0.14689400
0.13887800
0.15465700
0.25192600
0.22509700
0.13132600
0.01029400
0.00000000
0.00000000
0.00000000
0.00000000
0.00000000
0.00000000
0.00000000
0.00000000
0.00000000
0.00000000
0.00000000
0.00000000
0.00000000
0.00373800
0.02622300
0.09200100
0.12204000
0.12261000
0.07523600
0.16224500
0.29601200
0.29489000
0.13511700
0.05257000
0.00000000
0.00000000
0.00000000
0.00000000
0.00000000
0.00000000
0.00000000
0.00000000
0.00000000
0.00000000
0.00000000
0.00000000
0.00000000
0.00993600
0.04269600
0.08401200
0.26639700
0.48111700
0.32515700
0.14224600
0.36489700
0.27109300
0.17037000
0.05296300
0.00000000
0.00000000
0.00000000
0.00000000
0.00000000
0.00000000
