90.273000
90.273000
90.273000
90.273000
90.273000
90.273000
90.273000
90.273000
90.273000
90.273000
90.273000
90.273000
90.273000
90.273000
90.273000
90.273000
90.273000
90.273000
90.273000
90.273000
90.273000
90.273000
90.273000
90.273000
90.273000
90.273000
90.273000
90.273000
90.273000
90.273000
90.273000
90.273000
90.273000
90.273000
90.273000
90.273000
90.273000
90.273000
90.273000
90.273000
90.273000
90.273000
90.273000
90.273000
90.273000
90.273000
90.273000
90.273000
90.273000
90.273000
90.273000
90.273000
90.273000
90.273000
90.273000
90.273000
99.500000
98.000000
94.500000
92.000000
101.000000
94.500000
90.000000
91.500000
90.000000
92.000000
90.500000
91.500000
82.000000
85.000000
82.500000
82.000000
85.000000
81.500000
79.500000
77.000000
77.500000
74.500000
85.000000
83.500000
84.000000
85.500000
95.000000
92.500000
94.000000
87.000000
93.500000
94.500000
94.500000
97.000000
90.000000
87.000000
86.500000
86.500000
84.500000
84.000000
85.500000
83.500000
80.500000
79.500000
76.000000
80.000000
88.500000
93.500000
101.000000
103.000000
103.000000
103.500000
108.500000
103.500000
99.000000
98.500000
101.500000
102.000000
95.000000
95.000000
98.000000
92.500000
88.000000
84.000000
89.500000
88.000000
86.500000
84.500000
85.000000
86.500000
96.000000
97.500000
106.500000
106.500000
110.500000
93.229000
93.229000
93.229000
93.229000
93.229000
93.229000
93.229000
93.229000
93.229000
93.229000
93.229000
93.229000
93.229000
93.229000
93.229000
93.229000
93.229000
93.229000
93.229000
93.229000
93.229000
93.229000
93.229000
93.229000
93.229000
93.229000
93.229000
93.229000
93.229000
93.229000
93.229000
93.229000
93.229000
93.229000
93.229000
93.229000
93.229000
93.229000
93.229000
93.229000
93.229000
93.229000
93.229000
93.229000
93.229000
93.229000
93.229000
93.229000
93.229000
93.229000
93.229000
93.229000
93.229000
93.229000
90.614500
88.000000
87.500000
88.000000
85.500000
84.000000
83.500000
88.000000
84.500000
81.500000
80.000000
79.000000
77.500000
87.000000
88.000000
93.000000
100.000000
99.000000
99.500000
104.000000
98.500000
97.500000
98.500000
88.000000
92.000000
93.000000
85.500000
83.500000
84.000000
82.000000
80.000000
82.500000
80.500000
79.000000
78.500000
78.000000
77.500000
89.500000
91.000000
94.500000
94.500000
90.500000
96.000000
102.500000
96.500000
96.000000
88.000000
91.000000
90.000000
90.000000
88.500000
85.000000
83.500000
87.500000
86.500000
91.500000
89.000000
81.500000
81.500000
76.500000
78.500000
85.500000
85.500000
89.500000
91.000000
100.500000
104.500000
97.000000
98.500000
94.500000
97.500000
97.500000
101.000000
102.500000
87.000000
84.000000
83.000000
84.000000
82.500000
86.500000
84.500000
84.000000
78.500000
79.500000
82.500000
86.500000
92.000000
95.500000
100.500000
101.000000
102.000000
109.000000
100.500000
103.000000
98.000000
95.000000
100.000000
94.500000
90.500000
88.500000
88.500000
83.000000
81.000000
85.500000
84.500000
80.000000
79.000000
78.000000
78.500000
88.500000
90.500000
98.500000
97.500000
96.000000
98.500000
104.500000
95.000000
96.000000
95.000000
97.500000
99.000000
99.500000
89.000000
90.000000
92.500000
92.500000
89.500000
87.500000
86.500000
82.500000
81.000000
80.000000
80.500000
89.500000
93.000000
103.500000
109.500000
106.000000
110.000000
106.000000
106.000000
102.500000
103.000000
102.500000
99.500000
102.500000
93.000000
92.000000
94.000000
91.500000
91.000000
89.500000
88.000000
84.000000
81.500000
81.500000
83.000000
91.000000
93.500000
105.500000
104.000000
101.500000
103.000000
108.500000
98.000000
90.000000
89.000000
90.000000
99.500000
96.500000
88.500000
85.500000
88.500000
90.000000
89.500000
76.000000
84.000000
82.500000
79.500000
79.000000
79.500000
88.500000
93.000000
96.500000
99.000000
93.500000
95.000000
100.500000
92.000000
93.000000
98.000000
96.000000
99.000000
103.000000
91.500000
89.500000
87.000000
85.500000
84.500000
83.500000
80.000000
79.000000
81.500000
77.500000
80.500000
89.500000
90.000000
95.000000
96.000000
92.500000
93.500000
91.500000
88.000000
85.500000
87.500000
88.500000
94.000000
98.500000
87.500000
87.000000
89.000000
87.500000
90.000000
95.000000
89.000000
87.500000
83.000000
83.000000
80.000000
90.000000
89.500000
95.500000
97.500000
100.000000
100.000000
97.000000
85.000000
86.500000
85.000000
91.250000
92.250000
92.000000
87.000000
83.000000
86.000000
81.000000
85.000000
86.000000
87.000000
86.000000
86.000000
81.500000
85.500000
93.500000
97.000000
101.500000
114.500000
113.500000
120.500000
113.500000
117.000000
117.000000
110.000000
105.500000
105.500000
106.500000
97.500000
97.000000
92.000000
93.500000
94.000000
88.500000
86.500000
84.000000
81.500000
82.500000
80.500000
87.500000
93.500000
104.500000
97.500000
100.500000
101.500000
107.000000
104.000000
99.000000
108.000000
104.500000
105.000000
99.500000
95.000000
94.000000
92.000000
89.500000
91.500000
91.500000
88.500000
84.000000
83.000000
83.000000
86.500000
91.500000
96.000000
105.000000
109.000000
109.000000
110.500000
114.500000
107.500000
100.500000
99.000000
101.000000
101.000000
98.500000
95.500000
93.000000
93.500000
88.000000
88.500000
89.000000
81.500000
83.000000
81.500000
81.500000
84.500000
94.000000
94.500000
104.000000
102.000000
103.500000
104.000000
102.500000
96.000000
97.500000
95.500000
101.500000
95.500000
97.500000
91.500000
87.000000
86.000000
88.500000
77.500000
85.000000
87.000000
84.500000
84.500000
84.000000
87.000000
88.500000
90.500000
95.500000
99.000000
100.500000
105.250000
105.250000
97.500000
100.000000
99.500000
105.500000
104.500000
95.500000
93.500000
92.500000
94.000000
91.000000
91.500000
93.500000
90.000000
88.000000
86.500000
87.000000
86.000000
89.000000
93.000000
98.500000
104.000000
104.500000
108.500000
109.500000
112.000000
104.000000
89.500000
97.500000
99.500000
104.000000
94.000000
93.000000
88.000000
90.500000
92.000000
95.000000
90.000000
87.000000
83.000000
79.000000
81.500000
85.500000
87.000000
92.500000
95.000000
96.000000
101.000000
109.000000
99.500000
98.500000
99.000000
95.500000
92.500000
91.500000
86.500000
88.000000
87.000000
90.500000
83.500000
87.000000
84.500000
82.000000
81.000000
79.500000
82.500000
88.000000
89.500000
99.000000
104.500000
102.000000
111.000000
110.500000
97.500000
100.000000
107.500000
100.500000
98.500000
96.000000
89.500000
83.500000
89.500000
91.000000
85.000000
90.500000
87.000000
84.000000
84.000000
80.500000
87.000000
91.500000
91.000000
99.500000
98.000000
100.500000
111.000000
112.500000
103.000000
105.000000
99.250000
97.750000
106.500000
98.500000
93.000000
96.500000
86.500000
90.500000
89.500000
93.000000
90.000000
82.500000
84.500000
84.500000
83.000000
93.000000
96.000000
104.000000
107.000000
104.000000
106.500000
109.500000
105.000000
104.500000
103.500000
112.000000
114.500000
104.500000
98.000000
93.500000
98.000000
91.500000
91.500000
91.500000
91.500000
89.000000
86.000000
87.000000
84.500000
95.000000
97.500000
111.000000
111.000000
106.000000
119.000000
112.000000
103.000000
100.000000
98.500000
93.000000
98.000000
100.000000
96.000000
87.500000
90.500000
90.500000
91.000000
89.500000
87.500000
84.500000
82.500000
79.500000
82.000000
89.500000
93.000000
100.000000
94.000000
95.500000
100.000000
100.000000
91.000000
91.500000
97.000000
96.500000
100.000000
104.500000
95.000000
91.500000
92.000000
91.000000
90.000000
89.000000
88.000000
86.500000
83.500000
79.500000
83.500000
92.000000
97.000000
102.500000
77.000000
108.750000
110.250000
105.000000
94.500000
77.500000
76.500000
74.000000
78.000000
79.000000
76.500000
70.500000
69.500000
67.500000
67.500000
71.500000
70.500000
69.500000
63.000000
62.000000
62.000000
70.500000
70.500000
72.500000
75.500000
81.500000
80.500000
80.500000
84.000000
83.000000
80.000000
81.000000
78.000000
77.500000
72.000000
67.000000
65.500000
66.000000
63.500000
62.000000
64.000000
64.500000
63.000000
62.000000
63.000000
68.500000
78.500000
84.500000
89.000000
84.000000
87.500000
86.000000
83.500000
80.948000
83.896000
83.896000
83.896000
83.896000
83.896000
83.896000
83.896000
83.896000
83.896000
83.896000
83.896000
83.896000
83.896000
83.896000
83.896000
83.896000
83.896000
83.896000
83.896000
83.896000
83.896000
83.896000
83.896000
86.448000
95.000000
99.000000
98.500000
101.000000
90.000000
87.000000
90.500000
86.500000
86.500000
85.000000
83.500000
82.000000
83.000000
81.500000
83.000000
91.500000
99.500000
106.000000
109.000000
104.000000
105.500000
112.500000
100.500000
97.000000
96.000000
101.000000
101.000000
101.500000
94.000000
91.500000
93.500000
92.000000
92.000000
91.000000
86.500000
86.500000
90.000000
89.000000
93.500000
99.000000
97.500000
109.000000
112.500000
106.000000
101.500000
115.000000
110.500000
107.500000
106.000000
105.000000
112.250000
111.250000
102.500000
98.500000
97.500000
93.000000
87.000000
90.500000
84.500000
87.000000
91.500000
87.500000
90.000000
98.000000
99.000000
105.500000
116.000000
110.250000
114.750000
119.000000
111.000000
102.500000
102.000000
101.500000
104.500000
106.500000
102.500000
97.500000
96.000000
96.000000
93.000000
95.000000
84.500000
88.500000
87.000000
87.000000
86.000000
94.500000
98.500000
115.500000
114.000000
113.500000
111.500000
110.500000
103.500000
105.500000
102.000000
102.500000
110.500000
111.000000
107.000000
100.500000
99.500000
97.500000
95.500000
93.500000
90.500000
87.500000
86.500000
87.500000
86.000000
95.000000
101.500000
100.500000
102.500000
105.500000
100.500000
103.000000
102.000000
106.000000
102.500000
101.250000
104.250000
103.000000
98.500000
93.000000
91.000000
89.500000
92.000000
91.000000
90.000000
90.000000
90.000000
88.000000
89.000000
94.000000
99.500000
108.750000
110.750000
111.000000
115.000000
116.500000
113.500000
113.000000
112.000000
113.000000
117.500000
114.500000
107.500000
99.000000
98.500000
97.000000
97.000000
95.000000
91.500000
90.500000
90.500000
86.500000
86.000000
93.000000
104.000000
110.000000
120.000000
122.000000
128.000000
128.500000
118.000000
117.500000
113.000000
112.500000
111.500000
114.000000
107.500000
100.500000
96.000000
92.500000
89.500000
90.500000
81.000000
83.000000
84.500000
84.500000
84.500000
90.000000
99.000000
105.000000
107.000000
105.500000
111.000000
112.000000
108.500000
108.500000
107.500000
113.500000
117.000000
106.500000
96.500000
95.000000
94.000000
94.000000
92.500000
92.000000
90.000000
88.000000
89.500000
88.500000
82.500000
90.000000
96.000000
106.500000
107.500000
112.000000
112.500000
115.000000
115.000000
114.500000
116.000000
110.000000
112.000000
109.500000
104.500000
99.000000
94.000000
93.000000
91.500000
91.500000
91.000000
85.500000
90.500000
85.500000
86.500000
96.500000
99.000000
109.500000
112.000000
105.000000
109.000000
106.500000
101.500000
97.000000
100.500000
104.000000
111.500000
106.500000
99.000000
96.000000
97.500000
96.000000
96.500000
98.500000
94.500000
90.500000
95.000000
89.500000
89.000000
99.000000
103.000000
113.000000
115.500000
113.500000
119.500000
118.000000
112.000000
113.000000
106.000000
99.000000
102.500000
102.000000
95.500000
94.000000
96.500000
96.500000
97.000000
95.000000
90.500000
87.500000
89.500000
85.000000
88.000000
95.500000
93.500000
97.500000
98.000000
99.000000
106.500000
103.500000
99.500000
103.000000
107.000000
107.000000
107.000000
99.500000
98.500000
99.500000
94.000000
94.000000
90.000000
90.000000
87.500000
84.500000
89.000000
87.000000
86.500000
93.500000
98.750000
104.250000
112.000000
108.500000
114.000000
116.500000
107.000000
108.000000
111.000000
104.000000
103.500000
113.000000
104.000000
92.917000
92.917000
92.917000
92.917000
92.917000
92.917000
92.917000
92.917000
92.917000
92.917000
92.917000
92.917000
104.500000
109.500000
106.500000
103.000000
111.000000
105.440000
105.440000
105.440000
105.440000
105.440000
105.440000
105.440000
105.440000
97.000000
89.500000
87.000000
91.500000
90.500000
87.500000
90.000000
88.500000
85.500000
93.000000
95.500000
103.000000
102.500000
104.000000
103.000000
108.000000
100.000000
100.500000
105.500000
107.500000
108.500000
103.500000
95.500000
92.000000
95.000000
94.000000
95.000000
94.000000
89.000000
88.000000
88.000000
86.500000
86.000000
93.000000
97.500000
105.000000
105.500000
106.000000
102.500000
107.000000
96.500000
94.000000
95.000000
98.000000
104.000000
104.000000
94.500000
98.000000
96.000000
93.000000
92.000000
90.500000
89.500000
88.500000
89.500000
90.000000
94.500000
94.500000
98.000000
110.000000
115.500000
111.500000
117.000000
117.000000
109.500000
109.000000
104.500000
103.000000
111.500000
106.000000
99.000000
95.000000
99.000000
95.000000
93.000000
90.000000
88.500000
86.500000
90.000000
87.500000
87.500000
92.500000
96.000000
106.500000
108.000000
106.000000
107.500000
104.000000
97.500000
94.000000
93.000000
97.500000
97.500000
97.000000
99.500000
92.500000
90.500000
89.500000
88.000000
88.000000
84.000000
84.500000
84.500000
84.000000
84.500000
87.000000
87.000000
89.000000
89.500000
91.500000
94.000000
96.000000
91.500000
90.500000
88.500000
86.500000
94.000000
91.000000
86.000000
88.000000
85.500000
85.000000
85.000000
86.500000
87.000000
84.500000
87.000000
85.000000
86.000000
90.000000
96.000000
102.000000
112.500000
109.000000
108.000000
112.500000
107.000000
100.500000
101.500000
97.000000
103.000000
103.500000
96.500000
98.500000
95.500000
97.000000
93.000000
91.000000
88.500000
85.500000
87.000000
88.000000
88.000000
96.500000
99.500000
107.500000
112.500000
110.500000
110.500000
112.000000
102.500000
100.500000
102.500000
99.500000
106.250000
101.250000
93.000000
96.500000
97.000000
95.500000
92.000000
91.500000
87.500000
85.500000
86.500000
87.500000
87.500000
93.500000
96.500000
108.000000
114.500000
111.000000
112.500000
124.000000
112.500000
107.000000
106.000000
111.000000
108.000000
103.000000
93.500000
95.500000
97.000000
93.000000
93.000000
92.000000
87.000000
87.000000
89.500000
86.000000
89.000000
96.000000
96.000000
107.000000
112.000000
107.500000
112.000000
110.000000
108.000000
107.000000
103.000000
100.500000
102.500000
99.000000
90.000000
98.500000
96.000000
96.000000
94.500000
95.000000
91.500000
91.500000
91.500000
92.500000
91.000000
98.500000
97.500000
104.000000
105.000000
109.500000
103.500000
112.500000
110.500000
109.500000
108.000000
108.000000
109.500000
107.500000
98.000000
98.500000
97.000000
96.000000
93.500000
95.000000
87.500000
86.500000
89.000000
87.000000
88.500000
95.000000
98.000000
111.000000
107.500000
110.500000
112.500000
108.000000
102.000000
100.500000
96.500000
97.500000
99.500000
96.000000
91.000000
90.000000
92.500000
93.000000
93.000000
91.500000
90.000000
84.500000
86.000000
84.000000
87.500000
90.000000
86.000000
89.500000
96.500000
97.000000
99.500000
99.500000
96.000000
91.500000
89.000000
87.500000
92.000000
91.500000
88.000000
87.000000
88.500000
87.500000
83.500000
86.000000
81.000000
82.500000
82.500000
85.500000
87.000000
90.000000
91.500000
105.000000
100.000000
103.500000
104.500000
109.000000
100.000000
99.000000
98.500000
100.000000
98.000000
95.000000
84.500000
82.000000
90.000000
90.000000
88.000000
88.000000
83.500000
81.500000
85.000000
82.000000
85.500000
91.500000
94.500000
104.000000
113.000000
107.500000
105.500000
107.000000
94.000000
94.000000
95.500000
96.500000
101.500000
99.500000
90.000000
90.000000
92.500000
89.000000
89.000000
89.000000
84.500000
82.500000
85.500000
83.000000
86.500000
93.000000
96.500000
105.000000
111.000000
109.500000
114.000000
118.000000
109.000000
108.000000
105.500000
105.500000
107.000000
104.500000
94.500000
94.000000
94.500000
96.500000
94.500000
91.000000
85.500000
86.000000
87.500000
88.500000
90.000000
96.000000
97.500000
111.500000
110.500000
110.000000
106.500000
107.000000
98.500000
102.500000
103.500000
98.500000
96.500000
95.500000
94.000000
95.500000
93.000000
94.000000
91.000000
93.000000
87.000000
87.500000
89.000000
86.500000
88.000000
93.000000
96.000000
107.000000
112.500000
111.500000
109.000000
107.500000
101.000000
104.000000
104.000000
101.500000
114.500000
110.500000
96.500000
96.000000
102.500000
98.000000
93.500000
90.000000
88.000000
85.500000
87.000000
87.000000
91.000000
93.500000
94.000000
105.000000
116.000000
117.000000
117.500000
111.500000
104.000000
94.500000
91.000000
92.500000
96.500000
96.000000
92.500000
91.000000
91.000000
88.500000
87.000000
88.500000
86.000000
86.500000
89.000000
87.000000
86.500000
93.000000
87.500000
90.500000
91.000000
99.000000
104.000000
98.500000
100.000000
96.500000
92.500000
96.000000
97.500000
90.000000
91.000000
93.000000
93.000000
88.000000
88.500000
86.000000
84.500000
83.000000
85.500000
84.500000
85.500000
96.000000
97.500000
102.500000
105.000000
98.000000
102.000000
108.000000
101.000000
100.500000
96.500000
99.500000
99.500000
95.500000
91.000000
92.000000
95.000000
94.000000
92.500000
90.500000
88.000000
85.000000
86.500000
88.500000
96.500000
100.000000
100.000000
108.000000
107.000000
102.500000
103.500000
107.500000
97.000000
97.000000
93.000000
95.500000
102.500000
99.000000
95.000000
94.000000
95.000000
90.000000
86.000000
88.000000
85.000000
85.500000
88.500000
90.000000
93.500000
97.500000
97.500000
107.000000
110.500000
109.000000
115.000000
115.000000
103.500000
104.500000
105.000000
105.000000
109.000000
112.500000
99.000000
103.500000
103.500000
96.000000
94.000000
96.500000
91.500000
90.000000
89.500000
87.500000
92.000000
95.500000
99.500000
114.500000
119.000000
114.500000
115.000000
117.000000
110.000000
112.500000
111.000000
109.670000
111.835000
111.500000
101.500000
102.000000
96.500000
95.500000
93.500000
92.500000
87.500000
84.500000
87.500000
85.000000
89.500000
95.500000
102.000000
108.000000
114.000000
112.500000
114.000000
107.000000
104.500000
96.500000
92.500000
90.000000
93.000000
89.500000
85.000000
85.500000
84.000000
83.500000
80.500000
83.500000
78.000000
76.500000
78.000000
76.000000
81.000000
80.000000
82.000000
91.500000
99.500000
100.000000
104.000000
101.000000
98.500000
91.000000
86.500000
86.000000
88.000000
90.500000
92.500000
83.000000
88.000000
87.500000
84.500000
84.000000
80.500000
79.000000
77.000000
76.500000
77.000000
85.500000
83.000000
85.000000
87.000000
87.000000
90.000000
91.000000
90.000000
89.500000
85.000000
88.500000
90.500000
87.000000
83.500000
84.000000
85.000000
81.000000
81.000000
80.000000
74.500000
74.500000
74.000000
75.000000
75.000000
85.000000
87.500000
96.000000
100.500000
102.500000
111.000000
121.000000
118.000000
119.000000
122.500000
110.500000
121.000000
115.000000
110.000000
101.000000
103.500000
96.500000
96.500000
99.000000
94.000000
94.500000
95.000000
94.500000
92.500000
104.500000
105.500000
116.000000
116.500000
111.500000
115.000000
124.500000
110.500000
107.000000
108.500000
105.000000
106.000000
106.500000
99.500000
95.500000
95.000000
94.500000
94.000000
91.500000
90.500000
90.500000
93.000000
92.000000
89.000000
95.500000
101.000000
109.500000
118.000000
114.000000
114.000000
121.500000
109.000000
100.380000
100.380000
100.380000
100.380000
100.380000
100.380000
100.380000
100.380000
100.380000
100.380000
100.380000
100.380000
100.380000
100.380000
100.380000
100.380000
100.380000
100.380000
100.380000
100.380000
100.380000
100.380000
100.380000
100.380000
100.380000
100.380000
100.380000
100.380000
100.380000
100.380000
100.380000
100.380000
100.380000
100.380000
100.380000
100.380000
100.380000
100.380000
100.380000
100.380000
100.380000
100.380000
100.380000
100.380000
109.500000
113.000000
116.000000
102.500000
104.500000
101.000000
104.500000
103.500000
92.444000
92.444000
92.444000
92.444000
92.444000
92.444000
92.444000
92.444000
92.444000
92.444000
92.444000
92.444000
92.444000
92.444000
92.444000
92.444000
92.444000
92.444000
92.444000
92.444000
92.444000
92.444000
92.444000
92.444000
92.444000
92.444000
92.444000
92.444000
92.444000
92.444000
92.444000
92.444000
92.444000
92.444000
92.444000
92.444000
92.444000
92.444000
92.444000
92.444000
92.444000
92.444000
92.444000
92.444000
92.444000
92.444000
92.444000
92.444000
92.444000
92.444000
92.444000
92.444000
92.444000
92.444000
92.444000
92.444000
92.444000
92.444000
92.444000
92.444000
92.444000
92.444000
92.444000
106.500000
107.000000
106.000000
105.000000
111.000000
98.500000
105.500000
103.000000
100.500000
103.500000
98.643000
92.286000
92.286000
92.286000
92.286000
92.286000
92.286000
92.286000
92.286000
92.286000
92.286000
92.286000
92.286000
92.286000
103.643000
109.500000
110.500000
113.500000
114.500000
107.500000
107.500000
103.500000
103.000000
108.500000
108.500000
102.500000
95.500000
95.000000
91.000000
87.500000
89.500000
85.000000
88.500000
90.000000
87.000000
86.500000
95.500000
94.500000
102.500000
107.500000
107.000000
109.500000
112.000000
108.500000
107.500000
106.000000
102.500000
105.000000
105.000000
96.000000
95.000000
94.000000
94.500000
91.000000
95.000000
93.500000
93.500000
91.500000
89.000000
88.500000
98.500000
98.500000
105.000000
110.000000
107.000000
114.500000
113.000000
110.000000
109.000000
109.500000
104.500000
102.000000
101.500000
92.500000
92.000000
95.000000
94.500000
94.500000
92.000000
87.000000
88.500000
87.500000
88.000000
88.500000
98.500000
96.000000
103.000000
107.000000
98.000000
104.000000
105.500000
101.000000
99.000000
104.000000
105.500000
109.000000
105.500000
96.000000
93.000000
89.500000
88.000000
90.000000
92.500000
85.500000
87.500000
86.000000
88.000000
87.000000
95.500000
95.500000
100.500000
105.000000
98.500000
99.500000
99.000000
97.500000
97.000000
93.000000
94.000000
99.000000
109.500000
108.000000
98.000000
94.500000
94.000000
88.500000
90.000000
90.500000
91.000000
89.500000
91.250000
93.250000
93.500000
92.000000
100.500000
100.500000
99.500000
103.500000
107.000000
105.000000
99.500000
98.500000
93.500000
103.000000
99.000000
100.500000
100.500000
95.500000
90.500000
90.000000
92.000000
89.500000
86.000000
89.000000
90.000000
88.500000
92.500000
96.000000
104.500000
111.500000
106.000000
109.500000
108.500000
99.500000
99.500000
100.500000
99.500000
101.500000
100.500000
91.500000
93.500000
88.500000
89.000000
89.000000
89.000000
85.000000
85.000000
84.500000
85.000000
87.500000
92.000000
89.500000
96.000000
80.500000
85.000000
71.500000
62.300000
57.600000
57.600000
93.500000
108.000000
104.000000
99.000000
89.500000
90.000000
87.500000
85.000000
87.500000
85.000000
84.000000
80.000000
81.500000
80.500000
85.500000
87.500000
85.500000
95.500000
97.500000
103.000000
109.000000
103.500000
94.500000
91.500000
92.500000
93.000000
95.500000
90.500000
89.000000
83.500000
83.000000
83.500000
83.000000
85.500000
78.000000
77.500000
77.000000
78.500000
82.000000
85.500000
83.000000
83.000000
84.000000
87.500000
91.000000
94.000000
86.500000
88.500000
91.500000
96.000000
92.000000
89.500000
82.500000
84.000000
82.000000
80.000000
81.000000
84.500000
80.500000
81.500000
77.000000
82.000000
89.000000
88.000000
86.000000
87.500000
88.000000
89.500000
85.500000
93.500000
85.500000
89.000000
93.000000
91.000000
94.000000
92.000000
89.000000
86.500000
84.500000
83.500000
86.500000
87.000000
83.000000
82.000000
82.500000
82.500000
89.500000
91.500000
87.000000
88.000000
92.500000
88.000000
88.500000
96.000000
91.500000
88.500000
89.500000
89.000000
87.000000
86.000000
82.500000
85.000000
85.500000
85.500000
88.000000
86.000000
85.000000
81.000000
83.500000
79.500000
80.500000
83.500000
81.500000
82.500000
84.000000
83.500000
86.500000
89.500000
85.500000
89.000000
84.000000
84.000000
85.000000
85.000000
82.500000
79.500000
79.500000
79.500000
78.000000
83.500000
79.500000
80.000000
80.500000
79.000000
81.500000
92.000000
87.500000
93.500000
93.000000
91.500000
88.500000
93.500000
89.500000
87.000000
86.500000
86.000000
88.000000
89.500000
89.500000
87.500000
83.000000
80.500000
82.500000
80.500000
80.000000
79.500000
78.500000
78.500000
80.500000
85.000000
82.500000
86.000000
91.000000
90.500000
91.000000
93.500000
85.500000
89.500000
91.000000
91.000000
91.000000
87.500000
82.000000
82.000000
79.500000
80.500000
82.000000
83.000000
77.500000
78.500000
79.500000
80.000000
80.500000
83.000000
81.500000
87.500000
89.500000
91.500000
90.500000
92.500000
87.500000
96.500000
92.000000
86.500000
90.000000
84.500000
83.000000
81.500000
84.000000
85.500000
85.000000
86.000000
82.000000
82.500000
77.500000
80.000000
83.500000
88.500000
83.500000
87.000000
89.500000
88.500000
88.500000
90.500000
85.500000
81.500000
86.000000
88.000000
88.500000
85.500000
81.500000
84.000000
80.000000
81.000000
79.000000
80.500000
74.500000
78.500000
78.500000
81.500000
79.000000
83.000000
81.000000
85.000000
86.000000
86.000000
92.500000
93.500000
83.000000
84.000000
86.500000
92.000000
92.000000
93.500000
78.500000
77.000000
77.500000
79.000000
84.000000
87.500000
79.500000
82.500000
79.000000
80.000000
80.500000
86.500000
81.000000
86.000000
84.000000
84.000000
84.500000
86.000000
79.000000
79.000000
76.500000
80.000000
86.500000
88.000000
84.000000
84.000000
86.000000
86.000000
85.500000
88.500000
84.500000
87.000000
83.000000
84.500000
86.500000
90.500000
84.500000
87.000000
92.500000
90.500000
91.000000
90.000000
87.000000
87.500000
90.000000
84.500000
85.000000
85.000000
82.500000
83.000000
81.500000
82.000000
85.000000
85.500000
80.000000
77.500000
78.000000
78.500000
79.500000
82.000000
82.000000
92.500000
87.500000
89.000000
92.500000
91.500000
83.500000
87.000000
88.000000
87.500000
92.000000
91.000000
87.500000
85.500000
84.500000
84.500000
85.500000
67.500000
87.500000
84.500000
83.000000
82.000000
85.500000
87.000000
88.000000
91.000000
95.500000
91.500000
92.500000
90.000000
82.500000
82.500000
86.500000
87.000000
92.500000
90.500000
88.000000
87.500000
82.000000
84.500000
83.500000
90.000000
86.000000
85.500000
84.500000
84.000000
88.500000
93.000000
89.000000
93.500000
96.000000
92.500000
95.500000
98.500000
88.500000
88.000000
90.500000
94.500000
91.000000
90.000000
85.500000
88.000000
85.500000
85.000000
83.000000
85.000000
80.500000
81.500000
79.500000
80.500000
82.500000
85.000000
83.000000
86.500000
90.000000
89.500000
87.000000
89.500000
81.500000
84.000000
91.000000
91.000000
89.000000
87.500000
85.500000
87.000000
86.000000
85.000000
85.500000
84.500000
78.500000
78.500000
79.500000
79.000000
71.000000
88.000000
86.500000
86.000000
90.000000
89.000000
87.500000
91.500000
83.500000
86.500000
86.000000
85.500000
90.000000
94.000000
88.500000
90.000000
83.000000
83.000000
84.000000
83.500000
84.500000
81.500000
82.500000
78.500000
81.500000
86.500000
88.000000
87.500000
93.500000
91.000000
94.000000
86.000000
93.500000
93.500000
90.000000
85.500000
87.500000
92.500000
84.000000
86.500000
85.000000
84.000000
84.000000
86.500000
82.000000
83.000000
80.500000
78.500000
80.500000
87.000000
86.000000
85.000000
87.000000
93.000000
95.500000
93.500000
91.000000
87.000000
85.500000
84.500000
83.500000
85.500000
84.000000
82.500000
78.500000
81.500000
81.500000
83.500000
80.000000
78.500000
79.500000
81.000000
82.500000
91.500000
87.000000
80.500000
95.500000
95.000000
103.000000
99.000000
92.000000
92.000000
96.000000
96.500000
100.000000
95.500000
92.500000
84.000000
85.500000
82.000000
84.000000
85.000000
83.000000
83.500000
84.000000
82.500000
85.000000
92.000000
87.000000
89.500000
93.000000
91.500000
92.500000
83.000000
95.500000
96.500000
97.500000
98.000000
99.000000
94.000000
89.000000
88.000000
84.000000
85.500000
81.500000
86.000000
80.500000
81.500000
82.000000
81.000000
82.000000
87.500000
84.500000
94.000000
98.500000
100.500000
96.500000
102.000000
95.500000
91.500000
90.000000
92.500000
90.500000
94.500000
88.500000
86.000000
82.000000
84.500000
83.000000
86.500000
89.500000
88.000000
88.000000
87.000000
87.500000
95.000000
91.500000
96.000000
98.000000
94.500000
91.000000
97.000000
89.000000
89.500000
87.000000
93.500000
93.500000
102.500000
92.000000
91.000000
86.500000
86.000000
85.000000
88.500000
92.000000
97.000000
91.500000
89.500000
91.000000
96.500000
94.000000
95.500000
98.000000
99.000000
100.500000
106.000000
98.500000
97.500000
101.000000
101.500000
101.000000
101.000000
88.000000
88.000000
91.000000
90.500000
88.500000
88.500000
82.500000
83.500000
85.500000
83.500000
83.500000
93.000000
91.500000
95.500000
99.000000
102.000000
99.500000
101.500000
90.000000
90.500000
86.500000
88.000000
89.000000
92.500000
82.500000
88.000000
90.000000
88.000000
89.000000
91.000000
86.500000
86.500000
84.500000
82.500000
81.500000
89.500000
89.000000
90.000000
87.000000
88.500000
91.500000
88.500000
83.500000
84.000000
84.000000
86.500000
89.500000
88.500000
84.500000
88.000000
86.000000
81.500000
81.000000
85.000000
83.000000
82.500000
87.000000
87.500000
86.500000
96.000000
93.500000
91.000000
89.500000
89.500000
89.000000
92.500000
85.500000
86.000000
88.000000
88.000000
86.000000
87.000000
85.000000
81.500000
81.000000
86.500000
87.500000
87.000000
81.500000
84.000000
83.500000
83.000000
86.500000
92.500000
88.000000
93.500000
94.000000
92.500000
95.000000
100.500000
94.000000
95.500000
94.000000
96.500000
99.500000
91.500000
89.000000
82.500000
81.000000
85.000000
88.000000
90.500000
83.500000
83.000000
83.000000
81.500000
77.500000
84.500000
89.500000
90.000000
91.000000
89.500000
89.000000
93.000000
91.500000
96.000000
95.500000
91.500000
97.000000
93.500000
87.000000
83.000000
83.000000
83.500000
86.000000
88.500000
85.000000
82.500000
82.500000
85.000000
85.000000
90.000000
87.500000
90.500000
95.000000
88.000000
90.000000
95.500000
87.500000
87.500000
90.500000
92.500000
92.000000
86.500000
78.250000
77.750000
78.000000
80.500000
83.000000
88.000000
81.500000
81.000000
79.500000
81.500000
80.000000
83.000000
80.500000
82.000000
85.000000
86.500000
85.000000
92.500000
89.000000
91.000000
93.500000
93.500000
91.500000
86.500000
80.000000
81.500000
84.000000
82.500000
81.000000
84.000000
80.000000
82.000000
82.000000
79.500000
83.500000
90.000000
91.500000
94.250000
90.250000
88.000000
89.000000
90.500000
84.000000
80.500000
80.000000
83.000000
83.500000
93.000000
90.500000
88.000000
81.500000
85.000000
85.000000
87.500000
83.500000
84.000000
82.500000
82.500000
82.000000
89.000000
84.000000
87.500000
85.500000
89.000000
86.000000
92.500000
84.500000
88.500000
86.000000
86.500000
87.000000
87.500000
83.000000
83.000000
80.000000
85.000000
86.500000
87.500000
84.500000
83.000000
83.000000
84.500000
83.500000
93.000000
88.000000
94.000000
95.000000
94.500000
95.250000
98.750000
88.500000
91.500000
93.000000
95.000000
94.500000
87.500000
85.000000
83.500000
84.000000
88.500000
90.000000
87.500000
85.000000
87.000000
85.000000
84.000000
80.500000
92.000000
85.500000
89.000000
93.500000
90.500000
94.000000
95.500000
89.500000
87.500000
88.500000
89.500000
94.000000
89.000000
88.500000
84.000000
82.000000
84.500000
84.500000
85.500000
84.000000
84.000000
83.500000
80.500000
84.000000
90.500000
86.500000
87.500000
89.500000
91.000000
90.500000
97.000000
92.500000
91.500000
90.500000
89.000000
85.500000
89.000000
84.500000
82.000000
78.500000
79.000000
82.500000
82.500000
78.500000
78.500000
79.500000
76.500000
79.000000
89.000000
87.000000
94.500000
98.500000
95.500000
97.000000
95.500000
90.500000
90.500000
91.000000
90.500000
92.000000
88.500000
84.500000
83.000000
79.000000
80.500000
82.500000
86.000000
87.500000
83.500000
84.500000
87.000000
88.500000
92.500000
91.500000
91.500000
95.000000
91.000000
91.500000
93.500000
86.500000
89.500000
91.500000
94.000000
97.500000
92.000000
89.000000
84.500000
83.000000
83.000000
83.500000
88.000000
85.000000
82.500000
80.000000
80.000000
79.000000
89.500000
85.500000
92.500000
87.500000
84.750000
84.750000
90.500000
89.500000
93.000000
94.000000
91.000000
93.000000
97.500000
86.500000
81.000000
85.000000
82.000000
82.000000
84.000000
84.000000
82.500000
83.500000
82.500000
82.000000
90.000000
87.000000
86.500000
84.000000
86.000000
87.500000
94.500000
87.500000
87.500000
87.500000
90.000000
87.500000
86.000000
81.000000
83.000000
86.000000
85.500000
85.000000
86.500000
82.500000
83.500000
81.500000
79.000000
78.000000
84.500000
84.500000
94.000000
95.000000
92.000000
92.500000
93.500000
89.500000
89.000000
89.000000
89.500000
90.500000
89.000000
83.500000
87.500000
87.000000
83.500000
87.000000
86.000000
81.833500
80.667000
81.500000
83.500000
79.500000
88.500000
91.000000
97.750000
95.750000
97.000000
90.500000
95.000000
88.500000
87.000000
90.500000
93.500000
94.000000
94.500000
90.000000
91.500000
89.000000
85.500000
85.500000
86.500000
84.500000
87.000000
83.500000
80.500000
82.500000
87.000000
90.000000
96.000000
99.500000
96.500000
91.000000
99.000000
93.500000
89.500000
89.000000
90.500000
89.500000
92.500000
91.000000
86.500000
84.000000
82.000000
81.000000
83.000000
79.000000
80.500000
78.000000
79.000000
82.000000
90.000000
90.000000
94.000000
98.500000
90.000000
91.500000
95.000000
91.500000
90.000000
88.500000
91.000000
90.500000
92.500000
88.000000
88.000000
88.500000
84.000000
85.500000
87.000000
84.000000
83.500000
84.500000
82.500000
82.500000
88.500000
87.500000
85.500000
92.000000
94.000000
93.500000
97.500000
89.500000
89.000000
95.000000
96.500000
97.500000
95.000000
90.000000
91.500000
91.500000
87.000000
87.500000
90.500000
87.000000
87.000000
85.500000
86.000000
85.500000
92.500000
87.500000
91.000000
90.500000
91.500000
91.000000
93.000000
82.000000
85.000000
89.500000
91.000000
88.500000
93.500000
85.500000
86.000000
89.500000
84.500000
86.000000
88.000000
85.000000
84.000000
79.500000
80.500000
81.500000
87.500000
84.000000
88.000000
88.500000
88.500000
90.500000
94.500000
90.500000
89.000000
87.000000
88.500000
91.000000
90.000000
89.000000
85.500000
87.000000
84.500000
85.500000
85.500000
79.000000
82.000000
83.500000
83.500000
83.000000
91.500000
88.000000
94.000000
100.000000
102.000000
101.500000
100.500000
94.000000
95.000000
94.500000
96.000000
94.500000
89.500000
87.500000
85.500000
84.500000
85.500000
89.500000
89.000000
85.000000
87.000000
84.500000
87.000000
84.000000
92.000000
89.500000
94.000000
99.500000
98.000000
103.000000
104.500000
99.000000
99.500000
96.500000
98.000000
96.000000
91.500000
91.000000
86.000000
84.500000
84.500000
85.000000
89.000000
82.500000
84.000000
84.000000
88.500000
85.000000
95.500000
93.000000
95.000000
99.500000
104.500000
99.000000
96.000000
89.500000
90.500000
91.000000
87.000000
90.500000
90.000000
87.000000
85.500000
84.000000
84.500000
85.500000
84.500000
82.000000
80.000000
77.500000
77.000000
79.500000
83.500000
82.000000
93.500000
95.000000
96.000000
100.000000
97.500000
95.500000
93.500000
98.000000
97.000000
99.500000
95.500000
89.500000
85.500000
89.000000
85.500000
84.000000
89.000000
84.500000
85.500000
84.000000
83.500000
81.500000
89.500000
90.000000
92.500000
96.500000
100.000000
96.000000
104.500000
96.000000
94.000000
94.500000
96.000000
90.000000
94.000000
92.000000
91.000000
89.000000
92.000000
88.000000
90.500000
85.000000
87.500000
89.000000
93.000000
90.500000
96.500000
97.500000
93.500000
97.500000
98.000000
102.000000
104.500000
95.500000
95.500000
95.000000
94.000000
94.000000
97.000000
90.500000
92.000000
92.500000
92.000000
91.500000
93.000000
87.500000
90.500000
92.000000
90.000000
91.500000
101.000000
101.000000
101.500000
102.500000
106.500000
107.000000
110.000000
102.500000
98.500000
97.500000
97.000000
98.000000
101.500000
94.500000
93.500000
96.000000
93.500000
93.500000
95.500000
95.000000
92.500000
91.000000
92.500000
90.500000
100.000000
99.500000
96.000000
97.000000
103.500000
102.500000
106.000000
97.000000
93.500000
97.000000
97.500000
100.500000
95.500000
94.000000
92.000000
91.000000
89.500000
93.000000
91.500000
91.000000
87.500000
89.000000
89.500000
89.500000
93.000000
90.500000
95.500000
98.500000
98.500000
100.500000
105.500000
102.500000
97.000000
95.000000
94.500000
94.500000
92.500000
89.500000
91.000000
93.000000
93.000000
91.000000
93.000000
89.000000
87.500000
86.000000
86.500000
87.000000
93.500000
93.000000
95.500000
100.000000
99.500000
102.000000
108.000000
104.000000
107.000000
103.000000
102.000000
107.000000
97.000000
96.500000
96.500000
95.000000
92.500000
90.500000
95.000000
91.000000
87.000000
91.500000
85.500000
84.000000
92.000000
90.500000
97.000000
102.000000
107.000000
104.500000
103.500000
95.500000
97.500000
98.000000
96.500000
95.500000
92.500000
96.500000
92.000000
90.500000
92.500000
93.500000
95.500000
93.000000
90.500000
92.000000
96.500000
95.500000
100.000000
101.000000
107.000000
98.000000
111.000000
110.500000
114.500000
104.500000
104.500000
105.500000
109.000000
110.500000
99.000000
102.000000
101.500000
99.500000
99.000000
95.500000
97.000000
96.500000
96.000000
95.000000
93.000000
92.000000
95.500000
96.000000
103.000000
106.500000
103.000000
104.000000
105.500000
105.000000
100.000000
97.000000
99.000000
103.500000
111.000000
105.000000
96.500000
96.000000
95.500000
94.000000
97.500000
92.500000
93.000000
93.000000
91.500000
90.000000
95.000000
99.500000
97.500000
101.000000
111.750000
109.250000
110.500000
107.000000
105.000000
101.500000
105.500000
107.000000
103.000000
99.500000
96.500000
95.000000
95.500000
93.500000
96.000000
94.500000
94.000000
92.000000
91.500000
90.500000
96.500000
98.500000
102.000000
101.000000
107.000000
99.000000
104.500000
100.000000
98.000000
104.500000
103.500000
99.000000
97.500000
96.000000
94.000000
92.500000
94.000000
92.000000
95.000000
92.000000
91.500000
92.000000
89.500000
90.500000
94.500000
97.500000
96.500000
103.000000
105.000000
107.500000
110.000000
100.500000
101.000000
101.000000
102.500000
107.500000
102.000000
98.500000
94.500000
91.500000
93.500000
92.000000
92.500000
92.000000
91.500000
88.500000
90.000000
88.000000
94.500000
96.500000
99.500000
105.500000
105.000000
101.500000
104.500000
98.000000
94.500000
95.500000
98.500000
96.500000
95.000000
93.000000
93.000000
90.000000
89.500000
90.000000
89.000000
88.500000
86.000000
85.000000
86.500000
85.000000
93.000000
90.500000
94.000000
100.500000
106.000000
108.500000
105.500000
101.000000
103.750000
102.750000
100.500000
97.500000
102.500000
94.500000
90.000000
92.000000
90.500000
92.000000
90.000000
89.000000
89.500000
86.500000
88.500000
88.500000
96.750000
100.250000
101.000000
109.500000
110.500000
106.000000
109.500000
104.500000
106.500000
106.000000
98.500000
100.500000
100.000000
95.000000
93.500000
94.000000
96.500000
97.500000
98.500000
99.000000
96.500000
93.500000
92.000000
94.500000
96.000000
96.000000
94.000000
96.750000
98.750000
98.500000
105.000000
96.500000
92.500000
93.500000
94.000000
96.500000
92.000000
91.000000
91.500000
88.500000
91.000000
86.000000
89.000000
87.000000
83.000000
85.000000
83.000000
85.500000
90.000000
90.500000
93.000000
97.500000
98.000000
103.000000
101.500000
101.000000
102.500000
98.500000
98.500000
101.000000
99.500000
90.000000
91.000000
87.000000
82.500000
84.000000
83.000000
80.500000
81.000000
81.000000
80.000000
78.500000
84.000000
88.000000
91.500000
95.000000
100.500000
99.000000
100.500000
92.500000
92.000000
93.500000
93.500000
98.500000
90.500000
87.500000
86.500000
88.000000
87.000000
82.500000
87.500000
88.500000
87.000000
85.500000
85.500000
88.000000
95.500000
96.000000
96.000000
104.000000
105.500000
102.000000
102.000000
93.000000
94.500000
98.500000
99.500000
99.000000
98.500000
100.500000
98.000000
90.500000
91.500000
88.500000
93.000000
90.500000
89.500000
85.500000
86.000000
89.000000
95.500000
95.000000
91.500000
100.000000
102.500000
102.000000
106.000000
98.500000
93.000000
99.000000
98.000000
101.500000
101.500000
95.500000
92.500000
89.000000
90.500000
90.000000
89.000000
87.000000
86.500000
85.500000
85.500000
83.500000
85.000000
89.000000
90.500000
102.500000
101.000000
100.500000
106.500000
99.500000
96.500000
97.000000
98.000000
96.000000
95.500000
94.500000
95.000000
90.500000
89.000000
87.000000
89.500000
90.500000
91.000000
90.000000
90.500000
85.500000
93.500000
92.000000
95.500000
103.500000
107.000000
105.500000
106.500000
100.500000
99.500000
100.500000
99.000000
104.000000
99.500000
93.500000
92.000000
92.500000
94.000000
90.500000
91.500000
88.500000
88.500000
87.000000
85.500000
86.500000
90.000000
91.500000
91.500000
92.000000
92.000000
94.500000
95.000000
92.000000
93.000000
89.500000
90.000000
90.500000
95.000000
89.500000
85.500000
87.000000
82.500000
83.000000
87.500000
79.000000
82.000000
84.000000
80.500000
80.000000
84.500000
89.000000
88.000000
92.500000
97.000000
100.500000
97.500000
93.500000
88.000000
90.000000
96.500000
94.500000
90.000000
87.000000
89.000000
89.000000
88.500000
90.000000
90.500000
87.000000
89.000000
87.500000
89.500000
84.000000
88.000000
94.500000
100.000000
106.000000
102.500000
104.500000
102.500000
102.500000
91.500000
96.000000
101.500000
98.000000
95.500000
95.500000
95.000000
91.000000
91.500000
92.000000
96.500000
92.750000
90.250000
89.500000
92.500000
90.000000
89.000000
95.500000
97.000000
100.000000
101.500000
101.000000
106.000000
94.500000
95.000000
94.000000
95.000000
93.500000
91.000000
90.000000
91.000000
91.500000
87.000000
87.000000
89.500000
89.000000
84.500000
87.500000
88.000000
88.000000
91.000000
94.500000
96.000000
97.000000
96.500000
97.000000
98.000000
97.000000
91.000000
96.500000
92.500000
94.500000
92.500000
89.000000
85.500000
85.000000
86.000000
85.000000
85.500000
79.500000
82.500000
82.000000
81.500000
86.500000
89.000000
87.500000
86.000000
92.500000
96.500000
96.500000
99.000000
96.500000
91.500000
91.500000
91.500000
93.000000
92.500000
88.500000
88.000000
86.000000
85.000000
84.500000
89.500000
86.000000
85.500000
84.500000
82.500000
82.000000
89.000000
89.500000
88.000000
91.000000
98.000000
98.500000
99.000000
93.500000
95.000000
92.500000
92.000000
89.000000
92.500000
84.000000
86.000000
85.000000
79.500000
88.500000
90.500000
88.500000
90.000000
85.500000
83.500000
83.000000
89.000000
87.000000
89.000000
86.000000
88.000000
90.500000
90.500000
90.500000
88.000000
92.000000
95.000000
94.500000
93.500000
89.000000
88.500000
85.000000
86.500000
87.000000
88.500000
85.000000
84.000000
82.500000
84.000000
83.000000
88.500000
88.000000
89.500000
96.500000
96.000000
101.000000
97.000000
96.500000
96.000000
94.000000
94.000000
88.000000
89.000000
89.500000
89.000000
87.000000
86.000000
87.500000
85.500000
87.000000
85.000000
86.500000
85.500000
91.500000
92.500000
95.500000
95.500000
92.000000
95.000000
91.500000
95.500000
94.500000
88.000000
88.000000
90.500000
93.000000
96.500000
90.500000
87.000000
88.000000
89.000000
90.500000
92.000000
92.500000
90.000000
88.500000
85.500000
86.500000
90.000000
92.500000
92.500000
91.500000
96.500000
97.500000
99.500000
94.500000
90.500000
91.000000
91.000000
91.000000
92.000000
87.500000
88.500000
88.500000
91.000000
91.500000
93.500000
91.000000
91.500000
90.500000
88.500000
88.500000
98.000000
95.500000
94.000000
92.500000
91.000000
86.500000
88.500000
85.000000
85.000000
85.000000
84.500000
91.000000
93.000000
87.500000
87.500000
88.500000
88.500000
89.500000
93.000000
87.000000
84.500000
85.500000
85.500000
83.000000
91.000000
90.500000
91.000000
98.500000
98.000000
96.000000
96.000000
89.500000
89.500000
90.000000
94.000000
93.500000
87.000000
84.000000
79.500000
81.500000
81.500000
79.000000
82.000000
78.500000
78.000000
76.500000
77.000000
77.500000
81.000000
82.500000
82.000000
96.000000
98.500000
96.000000
98.500000
90.000000
92.500000
93.000000
97.000000
93.000000
91.500000
88.000000
87.500000
86.000000
85.500000
84.500000
83.750000
80.750000
80.000000
81.500000
81.500000
84.000000
89.000000
87.000000
88.500000
92.500000
95.000000
97.000000
99.500000
97.000000
97.500000
97.000000
94.000000
93.500000
98.000000
95.500000
93.000000
92.500000
95.500000
94.500000
94.000000
91.000000
90.500000
92.000000
90.000000
95.000000
102.000000
103.500000
102.500000
104.500000
106.000000
105.500000
101.500000
104.500000
98.500000
97.000000
97.500000
102.000000
105.000000
100.500000
98.000000
100.000000
97.500000
91.000000
93.000000
88.500000
89.000000
87.500000
87.500000
89.500000
93.500000
96.500000
99.500000
101.500000
102.000000
100.500000
106.000000
90.500000
93.000000
94.500000
97.000000
100.000000
98.500000
92.000000
87.500000
85.000000
85.000000
84.500000
86.500000
83.000000
78.000000
80.500000
81.000000
79.000000
90.000000
92.500000
93.000000
99.500000
99.500000
98.500000
104.500000
97.000000
96.500000
98.000000
95.500000
101.000000
98.500000
95.500000
95.000000
95.500000
90.500000
92.000000
92.500000
92.000000
88.000000
88.500000
90.000000
87.500000
97.000000
97.000000
99.500000
101.500000
99.500000
98.000000
102.000000
99.000000
100.000000
104.250000
104.250000
104.000000
103.500000
98.000000
93.500000
92.500000
97.500000
96.500000
97.500000
94.000000
92.000000
91.000000
89.500000
90.000000
96.000000
98.500000
99.500000
106.500000
108.000000
106.500000
110.500000
100.500000
98.000000
100.000000
103.500000
101.000000
100.000000
95.000000
93.500000
91.500000
90.000000
90.500000
93.000000
88.000000
87.000000
85.500000
85.500000
88.500000
92.000000
93.000000
95.000000
107.500000
107.000000
108.000000
103.000000
102.500000
98.000000
95.000000
99.000000
98.500000
97.500000
94.000000
93.000000
93.500000
93.000000
94.000000
88.000000
86.500000
85.000000
88.500000
88.500000
89.000000
92.500000
94.000000
94.500000
98.000000
98.750000
98.750000
98.500000
98.500000
93.500000
94.000000
98.500000
94.000000
97.000000
89.000000
91.500000
90.500000
89.500000
92.000000
92.000000
92.500000
89.500000
91.000000
90.500000
91.500000
92.500000
98.500000
101.000000
97.500000
100.500000
100.000000
102.000000
98.000000
100.000000
94.500000
99.000000
94.500000
97.000000
96.000000
96.000000
99.500000
99.000000
96.500000
98.500000
95.000000
95.500000
94.000000
94.500000
93.500000
96.000000
96.000000
97.500000
97.500000
103.500000
103.500000
104.500000
101.000000
96.500000
96.500000
97.000000
97.500000
93.500000
88.000000
90.000000
90.500000
89.000000
89.000000
89.500000
87.000000
84.000000
85.000000
85.000000
87.000000
91.500000
94.500000
100.000000
103.000000
104.000000
108.500000
108.000000
105.000000
102.500000
97.500000
101.000000
97.500000
97.500000
95.500000
92.000000
94.000000
93.500000
91.000000
91.500000
88.500000
87.000000
87.500000
87.000000
87.500000
91.500000
93.000000
93.500000
102.000000
101.500000
101.000000
100.000000
99.000000
100.500000
95.500000
98.000000
94.500000
95.000000
90.000000
87.500000
89.000000
87.500000
86.000000
89.500000
83.500000
83.500000
85.500000
84.000000
81.500000
86.500000
87.000000
89.500000
93.667000
94.333500
93.500000
94.000000
87.000000
89.500000
90.500000
88.000000
87.500000
85.500000
82.500000
82.500000
82.000000
82.500000
81.000000
84.000000
80.500000
79.500000
81.000000
79.500000
81.000000
86.000000
88.500000
91.000000
91.500000
96.500000
98.500000
101.000000
89.500000
93.000000
97.000000
94.000000
92.000000
90.500000
87.500000
85.500000
86.500000
87.500000
88.500000
87.000000
83.000000
85.500000
82.500000
81.000000
82.000000
87.500000
86.000000
85.500000
86.500000
89.000000
89.500000
90.000000
88.500000
87.500000
86.000000
87.000000
90.500000
95.500000
91.000000
86.000000
88.000000
84.000000
84.000000
84.500000
80.500000
79.500000
80.500000
77.500000
78.500000
85.500000
86.500000
85.000000
86.500000
93.500000
88.500000
90.500000
89.000000
87.500000
90.000000
90.500000
91.000000
95.000000
89.500000
88.500000
87.500000
83.000000
84.500000
85.500000
81.500000
83.000000
82.500000
82.000000
82.500000
88.500000
90.000000
95.000000
97.500000
95.500000
98.000000
97.500000
96.000000
94.000000
94.000000
93.500000
95.000000
93.500000
89.000000
88.000000
86.500000
86.500000
86.500000
86.000000
84.000000
83.500000
83.500000
84.500000
82.000000
88.500000
91.500000
93.000000
98.000000
98.000000
98.000000
98.000000
93.000000
94.500000
92.500000
95.500000
96.500000
97.500000
97.500000
93.500000
94.500000
94.500000
94.000000
93.500000
92.000000
91.000000
89.500000
90.000000
89.500000
94.500000
97.000000
98.000000
102.500000
104.500000
102.000000
103.000000
97.500000
99.500000
97.500000
96.500000
97.500000
96.000000
93.000000
92.500000
94.000000
94.500000
93.500000
92.500000
90.000000
89.500000
92.500000
89.000000
89.000000
95.000000
92.000000
93.500000
96.500000
96.500000
98.000000
100.000000
94.500000
99.000000
94.500000
95.000000
93.000000
92.000000
88.500000
88.500000
86.000000
84.500000
84.500000
85.500000
81.500000
79.500000
81.500000
80.000000
81.500000
86.000000
88.500000
89.000000
96.000000
100.500000
104.000000
104.000000
98.000000
97.000000
101.000000
99.000000
95.500000
92.000000
88.000000
87.000000
87.500000
86.500000
88.000000
89.500000
85.500000
82.000000
83.000000
83.000000
83.500000
86.000000
91.500000
89.500000
91.500000
94.000000
95.500000
95.000000
87.000000
87.500000
87.000000
93.000000
95.500000
97.500000
95.000000
91.500000
90.500000
87.500000
88.500000
92.500000
88.500000
87.000000
86.500000
84.000000
89.000000
93.000000
91.500000
90.000000
95.500000
96.500000
94.000000
99.000000
91.500000
88.500000
90.500000
97.000000
102.000000
97.000000
91.500000
90.500000
92.500000
87.500000
88.500000
91.000000
88.000000
89.500000
89.000000
91.000000
96.000000
96.000000
98.000000
101.500000
109.000000
112.500000
109.500000
109.500000
102.000000
101.000000
100.000000
100.000000
95.500000
95.000000
92.500000
90.500000
90.000000
88.000000
87.000000
89.500000
89.500000
84.500000
85.500000
84.000000
86.500000
93.500000
92.500000
93.500000
97.500000
97.500000
98.000000
100.500000
97.000000
98.500000
97.000000
96.500000
99.500000
95.500000
92.000000
92.500000
89.000000
91.500000
88.500000
93.500000
90.000000
89.500000
88.500000
85.500000
86.500000
95.000000
94.000000
97.000000
101.000000
102.000000
99.000000
101.000000
97.500000
94.500000
95.000000
95.500000
96.500000
96.500000
91.000000
91.000000
88.000000
88.000000
87.000000
88.000000
89.000000
89.000000
90.000000
85.000000
85.500000
92.000000
94.000000
96.500000
100.500000
101.500000
100.500000
103.000000
94.500000
96.000000
94.000000
96.750000
97.250000
92.000000
89.500000
87.500000
85.500000
87.500000
86.500000
87.500000
86.500000
85.000000
87.500000
85.500000
89.000000
91.500000
94.500000
98.000000
108.500000
108.500000
104.000000
109.000000
102.000000
101.000000
96.500000
98.500000
94.000000
96.500000
94.000000
95.500000
94.500000
94.500000
95.000000
93.500000
88.000000
89.500000
88.000000
89.500000
87.000000
91.000000
89.500000
90.000000
93.500000
95.000000
94.500000
98.500000
95.500000
94.000000
93.000000
90.500000
88.500000
92.000000
85.500000
82.000000
82.500000
81.000000
83.000000
84.000000
79.000000
81.000000
80.000000
81.500000
79.500000
85.500000
86.500000
90.500000
92.500000
93.000000
91.000000
90.500000
86.000000
87.000000
86.500000
90.000000
93.500000
95.000000
84.000000
85.500000
87.000000
85.500000
83.000000
85.000000
82.000000
83.500000
83.500000
82.000000
83.000000
89.500000
89.000000
93.500000
101.000000
99.500000
96.500000
99.000000
94.000000
95.500000
92.500000
92.500000
94.000000
87.500000
88.500000
86.500000
86.000000
85.500000
83.000000
81.500000
80.500000
81.500000
82.500000
78.500000
81.500000
88.500000
88.500000
95.000000
103.500000
102.000000
102.500000
105.000000
96.000000
94.000000
94.500000
93.500000
93.500000
97.000000
94.500000
87.000000
84.500000
83.500000
85.000000
87.000000
85.000000
83.000000
84.000000
84.000000
80.500000
89.000000
89.000000
94.000000
100.000000
97.500000
98.000000
99.000000
93.500000
92.500000
90.500000
90.500000
91.500000
94.500000
90.000000
90.500000
89.000000
85.500000
85.000000
87.500000
85.500000
83.000000
85.000000
82.500000
81.000000
87.000000
87.000000
92.000000
94.000000
92.500000
93.500000
97.000000
93.500000
94.000000
92.500000
87.500000
89.000000
95.500000
84.500000
81.000000
80.000000
79.000000
80.000000
82.500000
79.000000
79.000000
80.000000
79.000000
85.000000
87.500000
84.000000
86.500000
85.000000
87.000000
85.000000
86.500000
85.000000
84.500000
83.500000
86.000000
83.500000
84.500000
80.000000
81.000000
80.000000
78.000000
78.000000
81.500000
79.500000
80.500000
78.500000
79.000000
78.000000
85.667000
85.833500
86.500000
85.000000
88.500000
88.000000
94.500000
91.000000
89.000000
87.500000
88.000000
90.000000
90.500000
87.000000
86.000000
86.000000
84.500000
85.000000
85.500000
83.500000
82.500000
82.500000
82.000000
81.500000
85.000000
85.500000
85.500000
89.000000
91.000000
92.000000
90.500000
89.500000
90.000000
89.500000
91.500000
90.500000
90.500000
85.000000
83.000000
85.000000
89.000000
88.000000
90.500000
85.500000
90.500000
89.500000
87.000000
84.500000
90.000000
87.000000
93.500000
98.000000
96.500000
97.000000
101.500000
95.500000
98.000000
97.500000
98.500000
100.500000
95.000000
93.000000
90.000000
89.500000
89.500000
88.500000
89.500000
85.000000
85.500000
84.500000
84.000000
79.500000
86.500000
85.000000
88.000000
94.000000
95.500000
97.500000
101.500000
91.000000
90.000000
91.500000
92.500000
88.500000
87.500000
84.000000
86.500000
82.500000
83.500000
83.500000
84.000000
81.000000
82.000000
81.000000
78.000000
78.500000
84.500000
84.500000
85.500000
91.000000
91.000000
94.000000
93.500000
87.000000
88.500000
87.500000
86.500000
85.500000
87.000000
83.000000
84.500000
82.500000
81.500000
80.000000
81.500000
78.500000
80.500000
79.500000
80.500000
81.000000
85.000000
85.500000
87.500000
94.000000
93.000000
94.000000
97.000000
90.500000
92.000000
92.500000
93.000000
98.500000
87.000000
86.000000
85.000000
85.000000
82.500000
85.000000
84.000000
79.000000
78.500000
78.500000
78.500000
79.000000
80.000000
78.500000
86.000000
91.500000
90.500000
91.500000
95.000000
88.500000
87.000000
87.000000
84.500000
87.000000
87.000000
84.500000
82.500000
82.000000
83.000000
81.500000
82.500000
78.000000
78.500000
78.500000
78.000000
77.500000
84.500000
83.500000
85.000000
86.000000
89.000000
87.500000
89.500000
86.500000
82.500000
82.000000
86.000000
89.000000
89.000000
82.500000
79.000000
79.500000
79.500000
81.500000
82.000000
77.500000
79.000000
80.000000
76.500000
79.000000
82.250000
81.750000
84.000000
86.500000
87.000000
88.000000
87.000000
83.500000
82.000000
80.500000
87.500000
84.500000
87.000000
81.500000
79.500000
81.000000
79.500000
80.500000
82.000000
77.500000
78.000000
78.500000
76.500000
77.500000
82.500000
83.500000
87.500000
92.500000
92.500000
92.500000
95.000000
90.000000
90.500000
91.000000
94.000000
92.000000
94.500000
96.000000
91.500000
87.500000
89.000000
84.500000
85.000000
80.500000
81.000000
82.500000
83.500000
82.500000
87.500000
89.500000
92.500000
96.500000
97.500000
97.000000
101.500000
97.500000
93.500000
92.000000
92.500000
92.500000
93.500000
86.500000
88.000000
87.000000
86.000000
85.000000
86.500000
83.500000
82.500000
85.500000
82.000000
83.500000
86.000000
85.500000
93.500000
100.000000
95.500000
97.000000
101.500000
97.000000
97.000000
99.000000
95.000000
94.000000
91.000000
86.500000
85.500000
85.500000
85.000000
81.000000
83.500000
78.500000
80.000000
80.500000
77.500000
79.000000
87.000000
85.000000
91.500000
96.500000
97.000000
98.000000
100.500000
91.500000
95.500000
94.000000
90.500000
90.000000
89.000000
84.000000
81.500000
80.000000
81.500000
84.500000
85.000000
83.500000
83.000000
84.500000
84.500000
83.500000
88.500000
85.000000
90.500000
95.000000
96.500000
97.500000
99.500000
94.500000
94.000000
90.500000
91.500000
96.500000
94.500000
90.500000
94.500000
94.000000
88.500000
88.500000
88.500000
84.000000
84.000000
85.500000
85.000000
88.000000
91.000000
90.000000
91.500000
93.500000
94.500000
98.000000
102.500000
98.500000
97.500000
94.000000
94.000000
91.500000
95.000000
87.250000
88.250000
86.500000
85.500000
87.500000
91.000000
87.000000
89.500000
86.500000
87.000000
88.500000
87.000000
89.500000
92.000000
94.000000
98.500000
94.500000
96.000000
91.500000
89.500000
89.500000
92.000000
96.000000
96.000000
91.500000
90.000000
89.500000
92.000000
90.500000
88.000000
84.500000
83.500000
84.500000
83.500000
83.000000
87.000000
90.500000
93.500000
94.500000
94.500000
97.000000
104.000000
100.500000
99.000000
95.500000
95.500000
98.000000
95.500000
90.000000
91.000000
91.000000
88.000000
88.500000
89.500000
87.500000
86.000000
84.500000
84.500000
84.500000
93.000000
90.500000
95.000000
96.500000
94.500000
101.500000
112.000000
103.500000
102.000000
103.000000
98.000000
103.500000
100.000000
95.500000
91.000000
91.500000
92.500000
91.000000
95.500000
90.500000
89.500000
93.500000
93.500000
92.500000
96.500000
96.500000
99.000000
104.500000
103.500000
102.000000
101.500000
101.500000
96.500000
97.000000
96.500000
92.500000
94.500000
91.000000
90.000000
88.000000
89.000000
89.000000
92.000000
89.500000
88.000000
89.500000
88.000000
87.500000
90.000000
91.500000
91.500000
101.500000
100.000000
102.500000
104.000000
97.000000
97.500000
94.500000
93.000000
92.000000
88.500000
88.000000
87.500000
86.000000
90.500000
87.500000
89.500000
86.500000
88.500000
89.000000
87.500000
88.000000
89.000000
93.000000
95.000000
100.000000
95.500000
100.000000
102.500000
100.000000
98.500000
103.500000
97.000000
95.000000
96.500000
94.000000
91.500000
89.000000
93.500000
90.000000
92.000000
88.000000
89.500000
90.000000
89.000000
85.500000
91.500000
91.000000
93.000000
97.000000
96.500000
96.000000
98.500000
98.000000
96.500000
91.500000
91.500000
91.000000
99.000000
93.000000
89.250000
89.250000
89.000000
89.000000
89.000000
85.000000
88.500000
86.500000
85.500000
87.500000
92.000000
90.500000
93.500000
95.500000
99.000000
93.500000
97.500000
93.500000
92.500000
91.000000
92.000000
96.000000
91.000000
85.500000
87.000000
84.500000
85.000000
86.000000
85.000000
84.000000
82.500000
83.500000
83.500000
82.500000
87.000000
87.500000
92.000000
98.500000
99.500000
94.500000
97.000000
92.500000
93.500000
89.500000
90.000000
90.000000
91.000000
88.000000
86.000000
88.500000
85.500000
87.500000
90.000000
85.000000
83.500000
84.000000
83.500000
87.000000
89.500000
88.000000
90.000000
94.500000
96.000000
92.000000
95.000000
88.500000
89.000000
87.500000
90.000000
92.500000
93.500000
88.500000
90.500000
87.500000
87.000000
87.000000
88.000000
87.000000
85.000000
85.500000
85.000000
83.000000
90.000000
86.000000
93.000000
100.000000
97.500000
99.000000
95.000000
93.500000
91.000000
88.000000
92.500000
88.500000
92.000000
91.000000
87.500000
85.000000
83.500000
85.000000
84.500000
82.000000
80.500000
81.000000
80.000000
81.000000
85.500000
84.000000
88.000000
90.000000
89.000000
93.000000
95.500000
91.500000
90.000000
90.500000
90.500000
94.500000
91.500000
88.500000
90.000000
87.000000
87.500000
82.500000
85.500000
86.500000
86.500000
85.000000
86.000000
86.500000
92.500000
92.000000
93.500000
97.000000
101.000000
102.500000
101.500000
98.000000
97.500000
96.000000
98.500000
96.500000
92.000000
90.500000
89.500000
90.500000
89.000000
84.500000
89.000000
89.500000
89.000000
89.000000
88.500000
88.500000
93.500000
89.000000
93.000000
88.500000
90.500000
92.000000
92.500000
91.500000
92.500000
92.000000
90.500000
97.500000
96.500000
96.500000
95.000000
94.000000
93.500000
93.000000
93.500000
90.500000
89.750000
91.750000
91.000000
89.500000
93.000000
94.000000
96.000000
95.500000
96.500000
96.500000
92.500000
95.500000
93.000000
96.500000
94.000000
97.000000
99.000000
95.500000
94.000000
92.500000
90.000000
87.000000
93.500000
91.500000
91.000000
88.500000
89.500000
90.000000
94.000000
92.000000
97.000000
98.000000
98.500000
98.250000
98.750000
95.500000
94.500000
92.500000
91.500000
95.500000
92.000000
89.500000
90.500000
89.000000
86.500000
88.500000
91.000000
87.500000
84.500000
85.500000
85.000000
87.000000
90.500000
90.500000
96.000000
97.500000
97.000000
96.500000
94.000000
87.500000
87.500000
87.500000
91.000000
86.500000
89.500000
87.500000
89.500000
87.000000
84.000000
86.000000
87.500000
81.000000
81.500000
83.000000
82.000000
86.000000
88.500000
89.500000
92.500000
97.500000
95.500000
94.500000
95.500000
94.000000
92.000000
90.000000
91.000000
96.000000
93.500000
91.000000
92.000000
87.500000
85.000000
87.000000
86.500000
84.500000
83.500000
87.000000
86.500000
84.000000
93.000000
84.500000
92.000000
103.500000
105.000000
103.500000
103.000000
95.500000
98.000000
97.000000
97.500000
94.000000
93.000000
90.000000
91.500000
90.000000
91.000000
90.500000
92.000000
90.000000
87.000000
88.500000
89.000000
85.000000
91.500000
87.000000
94.000000
97.000000
96.500000
94.000000
94.500000
92.000000
91.500000
96.500000
96.500000
99.000000
95.000000
92.500000
91.500000
90.500000
89.500000
88.500000
90.500000
88.000000
88.500000
88.500000
84.000000
83.000000
87.500000
85.500000
88.000000
87.500000
94.000000
94.500000
95.500000
91.500000
93.000000
92.000000
92.000000
92.500000
92.500000
92.000000
89.000000
87.000000
86.500000
86.000000
87.000000
81.500000
81.500000
80.000000
81.000000
87.500000
87.500000
86.000000
86.500000
90.500000
96.500000
96.000000
98.500000
91.500000
85.500000
87.000000
88.500000
87.000000
85.500000
85.000000
83.500000
81.500000
84.500000
81.500000
85.500000
84.000000
81.500000
83.000000
82.500000
82.500000
87.500000
85.500000
91.000000
96.000000
97.500000
97.500000
100.000000
96.000000
92.500000
95.000000
93.500000
99.000000
95.000000
92.000000
90.500000
89.500000
88.000000
90.250000
91.250000
90.500000
89.500000
91.500000
91.500000
93.000000
97.000000
95.000000
101.000000
102.000000
103.500000
102.000000
102.000000
97.000000
98.500000
99.000000
100.000000
100.500000
96.000000
93.500000
93.500000
92.000000
92.500000
92.000000
93.000000
91.500000
92.000000
91.000000
93.000000
90.500000
93.000000
90.500000
99.500000
98.500000
100.000000
97.000000
99.500000
94.000000
95.000000
94.000000
97.500000
93.000000
94.000000
89.000000
89.500000
88.500000
87.500000
89.500000
92.000000
85.500000
85.000000
86.000000
83.000000
88.000000
91.500000
91.500000
96.000000
102.500000
101.500000
104.500000
105.500000
99.500000
100.500000
99.500000
100.000000
103.000000
96.000000
95.000000
92.500000
93.500000
94.000000
92.000000
96.500000
92.500000
95.000000
93.500000
92.000000
90.000000
95.000000
94.500000
92.000000
95.000000
94.500000
95.000000
96.000000
90.000000
97.000000
92.500000
94.500000
91.500000
92.500000
92.500000
91.500000
91.500000
90.000000
89.500000
91.500000
88.000000
91.500000
89.000000
89.500000
92.000000
91.000000
89.500000
90.000000
95.500000
94.500000
99.000000
97.000000
96.000000
95.500000
93.000000
90.500000
92.000000
100.500000
91.500000
91.500000
89.500000
91.000000
91.000000
90.500000
89.000000
89.000000
89.500000
88.000000
89.250000
91.750000
88.500000
95.000000
96.000000
96.000000
95.500000
97.000000
92.000000
95.000000
90.500000
93.000000
92.000000
95.000000
90.000000
88.500000
89.000000
89.000000
85.500000
89.500000
86.000000
84.500000
85.500000
84.000000
84.500000
90.500000
89.000000
91.500000
99.000000
99.000000
97.500000
100.000000
94.500000
97.000000
91.000000
91.000000
93.500000
91.000000
89.500000
90.000000
86.000000
87.500000
86.500000
85.000000
84.500000
86.000000
87.000000
84.500000
84.000000
88.500000
87.000000
89.500000
96.000000
97.500000
97.500000
99.000000
96.500000
98.000000
94.500000
97.000000
91.500000
96.500000
90.000000
92.000000
96.500000
98.000000
94.500000
96.000000
94.500000
93.000000
94.500000
94.000000
92.500000
93.500000
91.500000
95.500000
101.500000
100.000000
100.000000
103.500000
95.500000
93.500000
90.000000
90.000000
90.000000
90.000000
88.500000
90.000000
87.500000
89.500000
88.250000
86.750000
83.500000
86.500000
85.000000
86.000000
84.000000
92.500000
91.500000
94.500000
97.500000
98.500000
98.500000
99.500000
95.000000
99.000000
94.500000
92.000000
95.000000
94.000000
97.500000
94.500000
92.500000
90.500000
90.000000
93.500000
91.000000
85.500000
85.500000
84.000000
83.000000
89.500000
85.500000
91.500000
93.000000
93.000000
92.500000
95.000000
87.000000
90.500000
90.500000
87.750000
89.750000
95.000000
89.000000
90.500000
88.000000
88.500000
86.500000
90.000000
85.500000
89.500000
90.000000
93.000000
89.500000
95.000000
90.000000
96.000000
97.500000
97.500000
94.500000
94.500000
93.500000
95.000000
93.500000
93.500000
93.500000
101.500000
93.500000
92.000000
91.500000
93.000000
93.500000
91.500000
88.000000
86.500000
88.000000
85.000000
87.000000
91.000000
87.000000
88.500000
91.500000
94.000000
94.000000
91.500000
87.000000
85.000000
92.000000
86.500000
90.000000
93.500000
93.000000
89.500000
87.000000
89.500000
85.500000
89.000000
85.500000
85.000000
85.500000
84.500000
85.500000
86.500000
84.000000
92.000000
102.000000
99.500000
99.500000
100.500000
98.500000
98.500000
99.500000
98.000000
96.000000
95.500000
92.000000
91.500000
90.500000
92.000000
89.000000
91.500000
88.000000
89.000000
88.000000
88.000000
88.000000
91.000000
92.000000
96.500000
98.500000
97.500000
98.500000
97.500000
90.000000
91.500000
93.500000
90.500000
89.500000
91.000000
89.500000
91.500000
91.500000
89.000000
89.000000
90.000000
87.500000
86.000000
84.250000
84.250000
84.500000
88.500000
87.500000
93.000000
99.500000
99.500000
99.000000
99.500000
94.500000
96.000000
95.500000
93.500000
94.000000
93.500000
90.500000
94.000000
93.500000
91.000000
89.000000
89.500000
86.500000
87.000000
88.500000
89.500000
88.000000
94.000000
93.500000
97.000000
105.000000
103.500000
104.000000
106.500000
94.500000
95.000000
94.500000
92.500000
97.000000
97.000000
91.500000
89.500000
88.500000
86.000000
87.000000
88.500000
86.500000
84.500000
86.500000
87.000000
87.500000
87.000000
87.500000
91.000000
100.000000
100.000000
99.000000
101.500000
96.500000
96.000000
94.000000
93.000000
97.500000
93.500000
89.500000
89.000000
89.000000
88.500000
90.000000
91.000000
88.000000
88.000000
89.000000
90.000000
89.000000
89.500000
92.000000
95.000000
96.500000
97.500000
100.500000
98.500000
97.500000
95.000000
91.000000
90.500000
99.000000
95.000000
90.500000
89.500000
88.500000
87.500000
88.500000
89.500000
84.500000
88.000000
86.500000
86.500000
87.000000
91.500000
87.000000
86.500000
91.000000
93.000000
93.500000
94.500000
89.500000
88.500000
87.500000
90.500000
94.000000
96.000000
89.000000
89.500000
86.500000
83.500000
83.500000
85.500000
84.000000
85.000000
82.500000
83.500000
82.000000
88.500000
87.000000
91.000000
93.250000
91.750000
95.000000
97.500000
97.000000
90.500000
90.500000
88.000000
88.500000
87.500000
87.500000
88.000000
88.500000
87.500000
88.000000
87.000000
85.500000
85.000000
85.000000
83.500000
84.000000
86.500000
90.000000
96.000000
95.000000
92.500000
96.500000
95.500000
95.000000
92.000000
95.500000
97.500000
95.500000
93.500000
87.000000
90.500000
87.000000
86.500000
86.000000
90.000000
82.500000
84.000000
84.000000
84.000000
83.000000
88.000000
86.500000
89.500000
93.000000
94.000000
95.000000
94.500000
90.000000
90.500000
91.500000
86.500000
88.000000
89.000000
84.000000
84.500000
82.000000
80.000000
81.000000
84.000000
82.000000
81.000000
82.000000
83.500000
85.500000
89.500000
87.500000
88.500000
92.000000
93.500000
90.000000
92.000000
85.500000
86.000000
88.000000
87.500000
89.000000
89.000000
87.000000
90.500000
87.000000
83.500000
85.000000
86.000000
85.000000
83.000000
84.000000
88.000000
88.000000
90.000000
86.000000
86.500000
94.000000
94.500000
96.000000
97.000000
89.000000
90.500000
85.500000
87.500000
93.500000
89.000000
84.500000
86.000000
84.500000
82.000000
79.500000
84.500000
80.000000
80.000000
80.000000
80.500000
78.500000
85.000000
81.500000
86.500000
90.000000
89.500000
86.000000
88.000000
83.750000
82.750000
83.000000
81.000000
82.000000
86.500000
83.000000
81.500000
81.500000
81.500000
80.000000
83.500000
80.000000
79.000000
78.000000
79.000000
86.000000
83.500000
84.500000
87.000000
88.000000
81.500000
85.500000
82.000000
82.500000
82.500000
83.000000
83.000000
85.500000
80.500000
82.500000
81.000000
81.000000
78.500000
82.000000
77.500000
79.500000
78.000000
78.500000
81.000000
85.000000
82.000000
84.500000
89.000000
89.500000
86.500000
91.000000
84.000000
86.500000
85.000000
84.000000
85.000000
83.000000
82.500000
86.000000
83.500000
83.500000
82.500000
83.500000
80.500000
78.000000
79.000000
79.000000
79.000000
89.000000
83.500000
86.000000
90.500000
94.500000
90.000000
91.000000
85.500000
84.000000
87.000000
88.000000
90.000000
86.000000
84.500000
85.500000
84.000000
83.000000
81.500000
82.000000
83.000000
84.500000
84.500000
84.000000
85.500000
87.500000
86.500000
89.500000
86.716000
86.716000
86.716000
86.716000
86.716000
86.716000
86.716000
86.716000
86.716000
86.716000
86.716000
86.716000
86.716000
86.716000
86.716000
86.716000
86.716000
86.716000
86.716000
86.716000
86.716000
86.716000
86.716000
86.716000
86.716000
86.716000
86.716000
86.716000
86.716000
86.716000
86.716000
86.716000
86.716000
86.716000
86.716000
86.716000
86.716000
86.716000
86.716000
86.716000
86.716000
86.716000
86.716000
86.716000
86.716000
86.716000
86.716000
86.716000
86.716000
86.716000
86.716000
86.716000
86.716000
86.716000
86.716000
86.716000
86.716000
86.716000
86.716000
86.716000
86.716000
86.716000
86.716000
86.716000
86.716000
86.716000
86.716000
86.716000
86.716000
86.716000
86.716000
86.716000
86.716000
86.716000
86.716000
86.716000
86.716000
86.716000
86.716000
86.716000
86.716000
86.716000
86.716000
86.716000
86.716000
86.716000
86.716000
86.716000
86.716000
86.716000
86.716000
86.716000
86.716000
86.716000
86.716000
86.716000
86.716000
86.716000
86.358000
85.500000
85.000000
85.000000
85.500000
83.000000
83.500000
86.000000
80.000000
82.000000
81.000000
82.000000
82.000000
84.500000
82.000000
83.000000
82.500000
83.000000
81.000000
90.000000
87.500000
92.000000
91.000000
87.500000
87.500000
88.500000
83.500000
86.500000
93.000000
95.500000
93.333000
89.666500
89.500000
88.500000
87.000000
83.500000
83.500000
85.500000
82.000000
81.500000
84.000000
82.500000
82.000000
85.500000
92.000000
95.500000
99.500000
98.000000
101.000000
102.000000
95.500000
97.500000
96.000000
94.500000
95.500000
90.000000
83.500000
87.000000
87.000000
88.500000
86.000000
87.000000
83.000000
84.000000
82.000000
83.000000
81.500000
91.000000
90.000000
95.500000
99.000000
96.500000
93.500000
100.500000
91.000000
87.500000
86.000000
88.000000
91.500000
87.500000
84.000000
85.000000
89.000000
86.500000
86.000000
86.500000
85.500000
86.000000
85.000000
85.500000
86.000000
94.500000
91.500000
95.000000
101.500000
100.000000
99.500000
102.000000
96.000000
97.500000
93.500000
97.500000
97.500000
92.500000
87.500000
86.000000
84.500000
82.500000
84.500000
86.000000
82.000000
82.500000
84.500000
82.500000
81.500000
84.000000
85.500000
92.000000
95.500000
96.500000
95.500000
97.000000
89.500000
95.000000
94.500000
93.000000
92.000000
89.000000
84.500000
87.500000
86.500000
86.500000
85.000000
86.000000
81.500000
81.000000
82.500000
82.000000
82.500000
88.000000
88.500000
90.000000
95.000000
93.000000
95.000000
96.000000
88.500000
88.500000
89.500000
89.500000
86.500000
93.000000
90.500000
85.500000
85.000000
85.500000
83.500000
86.000000
83.500000
85.000000
83.000000
81.000000
83.500000
91.000000
88.500000
90.500000
97.000000
96.500000
97.500000
102.500000
95.500000
97.500000
94.000000
91.000000
92.500000
93.500000
85.500000
86.000000
86.000000
87.500000
87.500000
89.000000
86.000000
84.000000
85.000000
83.000000
85.500000
92.500000
94.500000
95.500000
97.000000
102.000000
97.500000
96.000000
91.500000
91.000000
91.000000
88.000000
93.500000
95.000000
86.000000
84.500000
86.500000
88.500000
87.500000
86.500000
83.500000
82.500000
82.500000
83.000000
87.000000
93.500000
97.000000
102.500000
100.500000
101.500000
96.500000
96.500000
93.000000
96.000000
94.000000
95.500000
93.500000
96.000000
91.500000
90.000000
89.500000
89.000000
87.500000
85.500000
84.000000
81.500000
85.000000
84.000000
83.500000
91.000000
95.000000
101.000000
104.500000
106.500000
102.000000
108.000000
97.000000
97.000000
96.500000
98.500000
98.500000
103.000000
92.000000
92.500000
93.500000
94.000000
92.000000
93.000000
86.000000
86.000000
86.500000
85.000000
88.000000
96.000000
97.500000
102.000000
110.000000
110.000000
112.000000
116.000000
103.000000
101.500000
100.500000
100.000000
102.500000
104.500000
98.500000
92.500000
93.000000
91.500000
86.000000
87.500000
84.500000
85.000000
82.500000
84.000000
82.500000
91.500000
95.000000
97.000000
100.500000
102.500000
96.500000
103.000000
91.500000
90.000000
89.000000
96.500000
97.500000
106.500000
92.000000
89.500000
89.500000
88.500000
85.500000
86.000000
83.000000
82.500000
85.000000
83.000000
86.000000
92.000000
97.500000
101.000000
105.000000
110.000000
108.500000
108.500000
96.000000
94.000000
89.000000
91.000000
90.000000
98.500000
94.000000
88.000000
87.500000
91.000000
87.000000
90.500000
84.000000
83.000000
81.000000
82.000000
82.500000
91.000000
91.500000
97.750000
100.750000
106.000000
107.500000
104.500000
97.000000
107.000000
110.000000
105.500000
104.750000
101.750000
94.500000
93.000000
92.000000
93.000000
87.000000
86.000000
82.000000
82.000000
83.000000
84.000000
81.000000
87.000000
88.500000
106.000000
106.500000
104.500000
103.000000
105.000000
94.500000
93.000000
98.500000
96.500000
106.500000
100.500000
95.500000
95.500000
95.000000
91.000000
86.500000
88.000000
83.500000
83.750000
83.750000
82.500000
84.500000
92.000000
97.500000
101.500000
105.000000
101.500000
103.500000
103.000000
92.000000
98.000000
95.000000
97.000000
104.000000
105.000000
96.500000
92.500000
92.000000
91.000000
87.500000
87.000000
82.500000
83.500000
82.000000
83.500000
83.500000
96.500000
98.000000
105.500000
109.500000
106.000000
107.000000
107.000000
96.000000
98.000000
99.000000
102.500000
107.500000
106.500000
98.000000
95.000000
93.000000
92.000000
89.500000
90.500000
89.000000
85.500000
84.500000
84.500000
84.500000
91.500000
97.500000
102.500000
102.500000
101.500000
102.500000
109.000000
96.500000
97.500000
98.000000
99.000000
103.500000
105.000000
93.000000
91.500000
92.500000
92.500000
88.500000
89.000000
87.000000
83.500000
84.000000
82.500000
83.000000
90.500000
96.500000
101.000000
109.000000
111.500000
115.000000
111.500000
101.000000
101.500000
100.000000
101.000000
102.500000
109.000000
101.000000
97.000000
95.000000
94.500000
92.000000
90.500000
85.500000
85.000000
84.500000
83.500000
85.500000
91.000000
98.500000
105.000000
102.000000
101.500000
99.000000
104.500000
93.500000
95.500000
95.500000
93.000000
93.000000
99.500000
94.500000
94.000000
91.500000
91.500000
89.500000
88.000000
85.000000
83.000000
84.500000
82.500000
82.000000
86.500000
87.000000
96.000000
98.500000
102.500000
102.500000
110.000000
95.000000
96.000000
101.500000
95.500000
97.000000
99.500000
93.500000
95.500000
93.500000
93.000000
91.000000
91.500000
93.500000
85.500000
88.500000
87.500000
88.500000
95.000000
98.500000
101.500000
104.500000
104.500000
105.500000
111.000000
99.500000
97.500000
100.500000
96.500000
100.500000
99.500000
92.000000
91.500000
90.500000
91.000000
86.500000
87.000000
84.500000
83.500000
84.000000
84.500000
84.000000
94.000000
99.000000
105.500000
110.500000
103.500000
100.000000
103.000000
97.500000
99.500000
97.500000
98.000000
96.500000
102.500000
92.500000
88.500000
92.000000
91.000000
87.500000
91.500000
86.500000
85.000000
85.500000
84.500000
84.500000
91.500000
95.500000
97.000000
98.500000
96.000000
100.500000
103.000000
97.500000
96.000000
94.000000
93.500000
97.500000
102.500000
91.000000
90.500000
89.000000
90.500000
90.500000
91.500000
89.500000
88.500000
87.500000
86.000000
86.000000
91.250000
95.250000
103.000000
109.000000
107.500000
104.000000
104.000000
96.000000
101.000000
97.500000
98.000000
101.500000
100.000000
94.500000
91.500000
93.000000
89.000000
86.000000
87.500000
84.000000
83.000000
82.500000
81.500000
74.750000
90.250000
95.000000
101.000000
102.500000
99.000000
98.500000
99.500000
90.000000
92.000000
89.500000
95.000000
95.000000
102.000000
97.000000
90.500000
91.500000
90.000000
87.000000
85.500000
83.000000
82.500000
80.000000
80.500000
80.500000
87.000000
93.500000
100.500000
97.500000
96.000000
99.000000
105.500000
96.000000
99.500000
93.000000
94.500000
94.500000
99.000000
96.000000
92.000000
91.000000
94.000000
91.000000
89.500000
87.000000
85.000000
84.000000
85.000000
82.500000
93.000000
97.000000
98.500000
100.000000
108.500000
111.500000
106.000000
99.000000
96.500000
106.500000
105.500000
103.000000
97.500000
95.000000
94.000000
89.000000
95.000000
92.000000
95.000000
90.000000
88.500000
84.000000
85.000000
83.500000
93.500000
96.500000
99.000000
106.000000
101.500000
108.000000
106.000000
96.000000
99.500000
104.000000
104.000000
104.000000
101.500000
94.500000
98.500000
92.000000
89.500000
87.000000
86.000000
83.500000
82.000000
81.000000
81.000000
81.500000
91.000000
95.000000
96.000000
99.000000
97.500000
103.000000
105.000000
96.000000
95.500000
94.000000
86.500000
89.000000
100.000000
94.500000
91.000000
86.000000
87.000000
85.000000
85.000000
80.500000
82.000000
81.000000
81.500000
83.500000
91.000000
97.500000
102.500000
111.000000
111.500000
116.500000
117.000000
104.500000
105.000000
108.500000
105.500000
105.000000
104.500000
98.500000
96.000000
97.500000
93.000000
92.500000
94.000000
87.500000
86.500000
85.000000
85.500000
88.000000
94.500000
96.000000
99.500000
102.500000
98.500000
101.000000
105.000000
95.500000
95.500000
100.000000
97.500000
100.500000
106.000000
99.500000
96.000000
97.000000
93.000000
90.500000
91.000000
87.500000
86.500000
84.500000
87.000000
86.000000
95.000000
97.000000
105.000000
110.000000
110.500000
109.500000
111.500000
103.000000
98.000000
104.500000
98.000000
101.500000
105.000000
101.500000
96.500000
96.500000
93.000000
92.000000
93.000000
88.000000
86.500000
85.500000
86.500000
86.000000
94.000000
96.000000
100.000000
102.500000
107.500000
108.500000
110.500000
98.000000
99.000000
97.500000
100.500000
98.000000
108.000000
103.500000
99.000000
95.000000
95.000000
92.000000
93.000000
88.000000
87.000000
89.000000
86.500000
85.000000
93.500000
95.500000
93.500000
95.000000
102.500000
110.000000
109.000000
99.500000
99.000000
101.500000
100.500000
99.000000
104.500000
94.500000
92.500000
95.500000
94.000000
91.000000
88.500000
87.000000
86.000000
84.500000
84.500000
84.000000
93.500000
95.500000
101.000000
104.000000
106.500000
107.000000
110.000000
96.500000
98.000000
101.500000
98.250000
98.750000
101.500000
93.500000
92.000000
90.000000
90.000000
88.000000
89.000000
84.500000
85.000000
83.000000
84.500000
84.000000
92.500000
95.000000
93.500000
95.500000
99.000000
100.000000
102.500000
93.500000
90.000000
92.500000
93.000000
96.500000
90.000000
89.000000
89.500000
88.000000
87.500000
86.000000
91.500000
84.500000
84.500000
82.000000
82.500000
82.500000
87.500000
88.000000
87.500000
92.000000
93.000000
97.500000
98.000000
89.000000
85.000000
84.000000
85.000000
86.500000
89.000000
88.000000
84.500000
90.000000
87.000000
84.500000
87.500000
82.000000
81.000000
80.500000
80.000000
81.000000
88.000000
94.000000
96.000000
98.000000
97.000000
99.500000
104.000000
96.500000
97.500000
95.000000
101.000000
103.500000
106.000000
97.500000
95.000000
96.500000
91.500000
90.000000
88.500000
86.500000
85.000000
85.500000
82.000000
82.000000
91.000000
96.000000
100.500000
102.000000
97.500000
97.500000
104.500000
95.000000
95.500000
95.500000
95.000000
98.500000
102.000000
91.500000
87.500000
92.500000
91.000000
92.000000
90.500000
83.500000
85.500000
85.000000
86.500000
85.000000
92.500000
97.000000
105.000000
114.500000
111.500000
111.500000
104.000000
91.500000
88.500000
91.000000
96.000000
94.500000
105.500000
96.500000
90.000000
94.000000
90.000000
89.000000
89.000000
86.000000
84.500000
82.500000
85.000000
82.500000
89.000000
87.500000
94.000000
95.500000
96.500000
100.500000
98.500000
93.000000
90.500000
93.500000
95.500000
95.500000
102.000000
98.000000
94.000000
92.000000
90.000000
88.000000
89.500000
89.000000
89.500000
89.000000
88.500000
92.000000
94.500000
102.000000
106.500000
109.500000
113.000000
114.000000
107.500000
98.500000
101.000000
103.000000
108.500000
108.500000
110.000000
106.000000
98.500000
96.000000
93.000000
90.000000
91.000000
86.500000
86.500000
85.500000
88.000000
90.000000
94.000000
100.000000
103.000000
109.000000
107.000000
107.000000
105.000000
97.000000
99.500000
100.000000
97.500000
104.500000
102.000000
93.500000
87.500000
89.000000
91.000000
92.000000
91.000000
88.000000
85.500000
86.500000
86.750000
87.250000
94.000000
94.500000
97.500000
98.750000
102.250000
102.500000
103.000000
92.500000
93.500000
95.500000
96.500000
103.500000
101.000000
99.000000
94.500000
93.000000
91.000000
87.000000
86.500000
85.000000
84.000000
86.000000
85.500000
89.500000
93.000000
97.500000
103.000000
102.000000
102.500000
102.500000
105.000000
96.500000
97.500000
98.500000
98.500000
97.500000
104.000000
103.500000
92.500000
94.500000
93.500000
92.500000
91.000000
91.000000
88.500000
89.500000
88.000000
91.500000
98.500000
99.000000
106.000000
111.000000
106.500000
103.500000
109.000000
96.500000
97.500000
98.000000
98.500000
108.000000
112.000000
100.000000
97.000000
97.000000
95.000000
93.000000
98.000000
94.500000
92.500000
90.500000
89.000000
93.500000
96.500000
99.500000
106.500000
114.000000
115.500000
113.500000
110.000000
107.500000
107.000000
103.500000
102.000000
101.500000
101.500000
99.000000
96.500000
96.000000
94.500000
93.500000
96.500000
92.000000
91.500000
87.000000
86.000000
87.000000
92.000000
92.500000
95.000000
98.000000
104.000000
109.500000
109.000000
103.000000
104.500000
106.000000
104.000000
106.000000
103.000000
97.000000
93.000000
93.500000
94.000000
91.500000
89.500000
87.500000
87.000000
86.000000
90.000000
91.000000
92.000000
94.500000
100.500000
102.000000
104.000000
102.500000
101.000000
97.000000
104.500000
99.000000
94.000000
98.500000
106.000000
98.000000
92.500000
92.500000
93.500000
86.500000
88.000000
86.000000
85.500000
83.500000
83.000000
87.500000
92.500000
97.000000
100.500000
103.500000
100.500000
100.000000
101.000000
95.500000
93.000000
92.000000
97.500000
97.000000
96.500000
92.500000
93.500000
94.500000
98.500000
94.000000
94.500000
92.500000
92.500000
91.000000
90.000000
92.500000
96.000000
97.500000
105.500000
111.500000
110.000000
111.500000
111.000000
99.500000
100.000000
103.000000
104.000000
110.000000
106.500000
98.000000
94.500000
94.500000
93.500000
91.500000
90.500000
85.000000
85.500000
84.500000
85.500000
88.000000
96.000000
100.500000
110.000000
111.500000
110.000000
110.500000
110.500000
98.500000
97.500000
99.500000
99.000000
90.500000
104.500000
94.000000
88.000000
89.000000
90.000000
88.500000
86.000000
82.500000
83.500000
84.000000
84.000000
88.000000
91.000000
93.000000
105.000000
100.500000
101.500000
106.500000
110.000000
95.000000
95.500000
96.500000
98.500000
99.500000
104.500000
96.000000
94.000000
91.000000
92.500000
88.500000
90.000000
88.500000
85.000000
82.000000
83.000000
87.500000
88.000000
90.500000
96.750000
97.750000
100.000000
102.500000
104.500000
100.500000
94.750000
91.750000
91.500000
87.500000
90.500000
86.000000
82.500000
84.500000
84.000000
86.000000
86.500000
82.500000
82.500000
82.500000
80.500000
82.000000
87.000000
89.000000
89.500000
95.000000
104.500000
100.000000
102.500000
99.500000
98.500000
97.000000
92.000000
94.000000
97.500000
94.500000
93.500000
95.500000
90.500000
86.500000
85.000000
85.000000
83.000000
84.000000
87.000000
87.000000
94.500000
96.000000
101.500000
105.500000
108.500000
107.500000
111.500000
98.000000
105.000000
103.000000
107.000000
103.500000
103.500000
99.500000
92.000000
92.500000
89.000000
89.000000
88.000000
86.500000
82.500000
83.500000
85.000000
87.000000
92.000000
96.000000
100.500000
102.000000
102.500000
103.500000
104.000000
96.000000
98.000000
98.000000
99.500000
102.500000
99.000000
90.500000
88.500000
91.500000
87.000000
87.000000
85.500000
82.000000
79.500000
81.000000
80.500000
83.000000
88.000000
92.000000
99.500000
100.500000
102.500000
101.000000
99.500000
95.000000
93.500000
100.000000
98.000000
100.000000
98.000000
91.000000
93.500000
92.000000
93.500000
91.500000
91.500000
91.000000
85.000000
86.000000
87.000000
89.000000
95.250000
100.750000
102.500000
101.500000
105.000000
106.500000
108.000000
96.500000
97.500000
101.000000
94.000000
98.000000
100.000000
92.000000
93.500000
92.500000
87.500000
85.000000
88.500000
86.000000
83.000000
80.000000
83.000000
82.500000
90.000000
91.000000
99.500000
99.000000
103.500000
109.000000
106.500000
97.500000
99.000000
99.500000
100.500000
108.500000
107.500000
99.000000
94.000000
92.000000
92.500000
92.000000
91.000000
90.500000
85.000000
86.000000
86.000000
89.000000
93.000000
94.000000
101.000000
102.500000
107.500000
105.500000
107.500000
94.500000
97.000000
97.000000
94.500000
92.000000
93.500000
87.000000
85.500000
85.000000
86.000000
85.000000
89.500000
85.500000
83.000000
83.000000
82.500000
84.500000
86.000000
87.000000
83.000000
84.500000
92.500000
91.000000
91.500000
85.000000
87.000000
85.000000
87.000000
86.000000
90.000000
86.000000
85.000000
85.000000
83.000000
82.000000
82.500000
83.000000
82.500000
83.500000
82.500000
85.500000
90.000000
95.500000
99.500000
99.500000
99.000000
99.000000
100.500000
94.500000
96.000000
95.000000
94.500000
99.500000
100.000000
90.000000
82.000000
90.500000
87.000000
86.500000
87.500000
85.000000
81.500000
82.000000
85.500000
85.500000
90.000000
95.000000
100.000000
101.000000
103.500000
100.000000
102.500000
96.000000
94.000000
95.500000
92.500000
100.500000
103.500000
95.000000
91.500000
90.500000
89.500000
86.000000
88.500000
83.500000
82.000000
82.000000
83.000000
82.500000
88.500000
89.500000
96.500000
99.000000
101.500000
103.000000
109.000000
94.000000
98.500000
98.000000
100.500000
98.500000
98.500000
94.000000
92.000000
94.500000
90.500000
87.000000
88.500000
83.500000
83.000000
83.500000
83.500000
84.000000
92.000000
95.000000
100.000000
100.500000
99.500000
99.000000
99.000000
90.000000
94.500000
95.500000
92.000000
97.500000
101.000000
100.500000
95.000000
100.500000
101.500000
92.000000
92.000000
87.500000
86.500000
84.500000
87.500000
89.500000
97.000000
98.000000
101.500000
102.500000
105.500000
102.000000
104.000000
95.000000
95.500000
97.000000
98.500000
109.000000
105.500000
93.166500
89.333000
88.500000
89.500000
88.500000
89.500000
83.500000
83.000000
83.500000
85.000000
85.500000
93.500000
92.500000
100.500000
102.500000
100.000000
104.000000
97.000000
93.500000
93.000000
88.000000
85.500000
90.500000
94.500000
91.000000
85.000000
85.000000
84.500000
82.500000
88.000000
85.500000
87.500000
85.500000
83.000000
81.500000
87.500000
89.500000
87.000000
93.000000
96.000000
93.000000
94.000000
89.000000
84.500000
89.000000
88.500000
89.500000
89.000000
82.000000
83.500000
84.000000
84.500000
82.000000
83.500000
78.000000
81.000000
81.000000
81.500000
81.000000
86.500000
88.500000
94.500000
100.500000
101.500000
99.000000
103.000000
93.000000
93.000000
95.000000
99.000000
103.500000
104.000000
94.000000
93.500000
92.000000
90.500000
85.500000
86.500000
84.500000
83.000000
83.500000
85.000000
83.500000
89.500000
93.500000
102.000000
99.500000
105.500000
100.000000
100.500000
91.500000
91.000000
93.000000
93.000000
92.000000
99.000000
89.000000
88.000000
87.000000
86.500000
86.500000
86.500000
84.500000
85.000000
83.000000
82.000000
83.000000
89.000000
92.500000
97.500000
96.500000
100.500000
97.500000
104.500000
98.000000
99.500000
100.500000
97.000000
96.000000
95.000000
97.000000
92.000000
91.500000
89.500000
89.000000
92.000000
87.500000
86.500000
86.000000
88.000000
85.000000
92.500000
90.500000
88.500000
90.000000
94.500000
96.500000
93.000000
85.500000
89.500000
90.500000
90.000000
87.000000
86.500000
82.000000
82.500000
83.000000
84.500000
83.000000
85.000000
82.500000
83.500000
84.000000
84.000000
82.500000
86.500000
85.500000
82.500000
85.000000
91.500000
87.500000
90.000000
87.000000
87.000000
87.000000
85.500000
89.000000
92.500000
89.000000
87.500000
86.000000
84.500000
84.500000
84.500000
82.000000
81.000000
82.000000
83.500000
84.000000
90.000000
98.000000
104.500000
106.500000
110.500000
114.500000
116.000000
104.500000
102.000000
104.000000
107.500000
106.250000
106.750000
103.000000
93.500000
91.500000
90.250000
89.250000
89.500000
87.000000
85.500000
85.000000
85.500000
89.500000
91.500000
94.000000
96.000000
96.500000
104.000000
100.500000
101.500000
97.000000
94.250000
92.750000
96.500000
97.500000
100.000000
92.500000
90.000000
86.500000
86.000000
85.000000
86.000000
82.000000
82.000000
83.500000
82.000000
83.000000
92.000000
97.500000
100.500000
99.000000
95.500000
96.000000
97.000000
89.000000
90.000000
93.000000
93.500000
93.500000
102.000000
95.500000
96.000000
95.000000
92.000000
93.000000
92.500000
87.000000
85.000000
85.500000
84.500000
87.000000
90.500000
97.500000
96.000000
95.250000
95.750000
102.500000
104.500000
104.500000
101.000000
101.000000
102.500000
103.000000
106.500000
97.000000
96.000000
97.000000
95.000000
93.500000
97.000000
91.500000
89.500000
86.000000
86.500000
90.500000
95.000000
100.000000
106.000000
107.500000
109.000000
111.000000
108.000000
111.000000
107.000000
107.000000
109.000000
113.000000
110.000000
103.500000
101.000000
102.500000
97.000000
97.500000
98.000000
93.500000
89.000000
89.500000
89.500000
92.000000
94.500000
100.500000
106.500000
109.500000
103.000000
109.000000
109.000000
109.500000
107.500000
107.000000
106.500000
115.000000
111.000000
100.500000
97.500000
92.500000
93.000000
96.000000
